production_budget,worldwide_gross
1000000.00,26.00
10000.00,401.00
400000.00,423.00
750000.00,450.00
10000.00,527.00
1800000.00,673.00
1000000.00,703.00
6600000.00,828.00
1000000.00,884.00
7000.00,900.00
2000000.00,926.00
1000000.00,1036.00
700000.00,1160.00
200000.00,1217.00
9000000.00,1242.00
12000.00,1336.00
5000.00,1338.00
100000.00,1358.00
1400000.00,1632.00
300000.00,1711.00
500000.00,1778.00
500000.00,1822.00
10000.00,1987.00
1500000.00,2105.00
5000000.00,2199.00
9000000.00,2243.00
2000000.00,2436.00
175000.00,2602.00
1100000.00,2636.00
6500000.00,3149.00
3380000.00,3220.00
250000.00,3234.00
850000.00,3256.00
1600000.00,3264.00
600000.00,3301.00
2100000.00,3330.00
15000000.00,3471.00
300000.00,3496.00
27000.00,3547.00
40000.00,3632.00
200000.00,3648.00
1000000.00,3700.00
560000.00,3709.00
500000.00,4134.00
1200000.00,4254.00
4000000.00,4327.00
9000.00,4584.00
3000000.00,4655.00
15000000.00,4892.00
60000.00,4917.00
70000.00,4930.00
26000000.00,5000.00
3000000.00,5073.00
2000000.00,5361.00
1000000.00,5382.00
1000000.00,5494.00
150000.00,5858.00
200000.00,6260.00
18000000.00,6784.00
1000000.00,6870.00
200000.00,7033.00
150000.00,7193.00
900000.00,7396.00
240000.00,7484.00
5000000.00,7556.00
3250000.00,7680.00
1200000.00,7826.00
500000.00,7890.00
600000.00,7943.00
989000.00,8158.00
27000.00,8231.00
5000000.00,8297.00
50000.00,8374.00
560000.00,8462.00
70000.00,8555.00
75000.00,8799.00
10000000.00,9069.00
550000.00,9111.00
350000.00,9118.00
2500000.00,9598.00
30000.00,9812.00
1000000.00,9837.00
3500000.00,9871.00
2000000.00,10024.00
700000.00,10508.00
300000.00,10514.00
2000000.00,10679.00
300000.00,10876.00
35000000.00,11106.00
1000000.00,11574.00
4500000.00,11774.00
10000000.00,11894.00
500000.00,12232.00
4000000.00,12302.00
1900000.00,12444.00
425000.00,12604.00
3400000.00,12636.00
2000000.00,12667.00
4000000.00,12836.00
250000.00,12848.00
1000000.00,12996.00
500000.00,13134.00
1300000.00,13465.00
450000.00,13486.00
7500000.00,13524.00
6000000.00,13722.00
170000.00,14000.00
9000000.00,14443.00
12000000.00,14616.00
640000.00,14812.00
3800000.00,14873.00
5800000.00,15091.00
1000000.00,15156.00
4900000.00,15198.00
103000.00,16137.00
2650000.00,16556.00
1300000.00,16653.00
820000.00,16909.00
2000000.00,17061.00
1000000.00,17127.00
300000.00,17241.00
21000000.00,17396.00
180000.00,17503.00
4000000.00,17639.00
1000000.00,17721.00
2000000.00,17896.00
250000.00,18823.00
8000000.00,19585.00
10000000.00,19716.00
500000.00,19800.00
3300000.00,19875.00
100000.00,20056.00
5250000.00,20097.00
250000.00,20628.00
2000000.00,21000.00
1000000.00,21210.00
6840000.00,22273.00
1000000.00,22434.00
15000000.00,22441.00
450000.00,22623.00
15000000.00,22723.00
600000.00,23616.00
5500000.00,24956.00
40000.00,25572.00
2900000.00,25935.00
6000000.00,26007.00
1200000.00,26608.00
1000000.00,26822.00
1100000.00,27561.00
5500000.00,28468.00
2000000.00,28864.00
15000000.00,29050.00
3500000.00,29233.00
2300000.00,29384.00
168000.00,29827.00
70000.00,30312.00
930000.00,30905.00
2000000.00,30955.00
400000.00,31425.00
16000000.00,31631.00
1500000.00,31916.00
500000.00,32033.00
160000.00,32092.00
6000000.00,32544.00
7500000.00,32572.00
150000.00,32927.00
4500000.00,32961.00
300000.00,33312.00
68000.00,33598.00
4000000.00,34145.00
2500000.00,35017.00
2000000.00,35312.00
800000.00,35688.00
7000000.00,35919.00
6000000.00,36497.00
4000000.00,36630.00
2000000.00,37227.00
2160000.00,37865.00
300000.00,39475.00
3000000.00,39852.00
3300000.00,40262.00
3800000.00,41914.00
450000.00,42503.00
600000.00,42557.00
300000.00,42735.00
400000.00,44452.00
3750000.00,44462.00
747000.00,44566.00
200000.00,44701.00
2000000.00,45431.00
10000000.00,45779.00
7000000.00,46488.00
750000.00,47329.00
3000000.00,47469.00
11900000.00,48856.00
6800000.00,49526.00
250000.00,51540.00
1000000.00,51587.00
4500000.00,51957.00
1500000.00,52429.00
200000.00,52443.00
8000000.00,53086.00
500000.00,53201.00
500000.00,55000.00
1400000.00,56073.00
1100000.00,56491.00
5500000.00,56653.00
800000.00,58163.00
1500000.00,58692.00
1200000.00,58936.00
100000.00,59424.00
750000.00,59656.00
2300000.00,59696.00
15000000.00,61847.00
250000.00,62375.00
800000.00,62544.00
1000000.00,63014.00
4000000.00,63180.00
2000000.00,63555.00
6500000.00,64148.00
4000000.00,64359.00
5000000.00,67505.00
250000.00,67665.00
5700000.00,69582.00
10000000.00,70527.00
300000.00,70807.00
2600000.00,71248.00
7000.00,71644.00
2500000.00,72260.00
2000000.00,72277.00
2000000.00,72544.00
45000000.00,73706.00
4000000.00,75078.00
15000000.00,76382.00
2000000.00,76654.00
500000.00,77121.00
950000.00,78122.00
3000000.00,78948.00
40000000.00,79123.00
1200000.00,81338.00
1100000.00,81371.00
11900000.00,81897.00
30000.00,82698.00
3000000.00,82780.00
5000000.00,83356.00
350000.00,84689.00
600000.00,85343.00
9000000.00,85527.00
300000.00,87264.00
12000000.00,87793.00
400000.00,89134.00
1300000.00,90213.00
10000000.00,90909.00
25000000.00,91116.00
4500000.00,92723.00
10000.00,94596.00
16000000.00,94812.00
3000000.00,95204.00
1000000.00,96734.00
5000000.00,96760.00
3500000.00,96793.00
5000000.00,99147.00
2500000.00,100280.00
1000000.00,101531.00
4200000.00,101740.00
3000000.00,101773.00
2000000.00,102645.00
1000000.00,102812.00
30000.00,103509.00
7000000.00,103962.00
2000000.00,105377.00
10000000.00,106466.00
2500000.00,108907.00
10000000.00,109144.00
10000000.00,109383.00
100000.00,110536.00
150000.00,110719.00
1500000.00,113169.00
1000000.00,113433.00
3500000.00,113783.00
15000.00,115592.00
3000000.00,115879.00
6000000.00,117796.00
9500000.00,118482.00
2500000.00,118666.00
6000000.00,119452.00
1500000.00,119841.00
4000000.00,120016.00
5000000.00,121016.00
2000000.00,121807.00
3100000.00,123407.00
10500000.00,125169.00
10000000.00,126247.00
400000.00,126387.00
8000000.00,127188.00
25000000.00,129115.00
1600000.00,129319.00
1000000.00,130874.00
3000000.00,133411.00
2000000.00,134624.00
26000000.00,135436.00
10000.00,138711.00
1500000.00,139084.00
1900000.00,139317.00
200000.00,140016.00
30000000.00,141661.00
5000000.00,143273.00
30000000.00,143490.00
8000000.00,143782.00
1600000.00,145382.00
8000000.00,146083.00
25000000.00,146149.00
4000000.00,146402.00
2000000.00,147299.00
9000000.00,148826.00
10000000.00,150191.00
500000.00,152449.00
3000000.00,156362.00
160000.00,156612.00
18000000.00,157002.00
10000000.00,161097.00
200000.00,162605.00
3000000.00,163069.00
13400000.00,164247.00
1500000.00,165049.00
30000000.00,168832.00
170000.00,169242.00
650000.00,171962.00
1500000.00,172569.00
2900000.00,172867.00
1500000.00,173066.00
10000000.00,173472.00
600000.00,173599.00
10000000.00,173613.00
2500000.00,174255.00
200000.00,174682.00
300000.00,177507.00
250000.00,178095.00
12000000.00,178287.00
1100.00,181041.00
6000000.00,181798.00
42000000.00,182156.00
2450000.00,182358.00
3500000.00,182695.00
9000000.00,184255.00
1500000.00,184705.00
4000000.00,185577.00
250000.00,191862.00
1500000.00,194568.00
25000.00,195043.00
15000.00,195254.00
7000000.00,196067.00
40000000.00,196090.00
12000000.00,196857.00
8500000.00,198883.00
800000.00,200433.00
250000.00,203134.00
7500000.00,206400.00
9000000.00,208163.00
1300000.00,210904.00
200000.00,212989.00
1000000.00,213137.00
1000000.00,215559.00
12000000.00,220175.00
15000000.00,220944.00
3500000.00,221096.00
3000000.00,223652.00
6700000.00,223878.00
10000000.00,226792.00
1000000.00,227241.00
750000.00,229250.00
18000000.00,229311.00
11000000.00,229653.00
200000.00,236806.00
1500000.00,236863.00
250000.00,237816.00
4700000.00,239962.00
1500000.00,240396.00
6000.00,240495.00
10000000.00,241719.00
1600000.00,242443.00
3000000.00,242623.00
30000.00,243768.00
10000000.00,244465.00
1100000.00,247740.00
3000000.00,252726.00
500000.00,254293.00
1200000.00,255000.00
10600000.00,261364.00
14000000.00,266967.00
6000000.00,267194.00
4000000.00,267972.00
500000.00,271736.00
14000000.00,274299.00
40000.00,277233.00
20000000.00,277943.00
4500000.00,281447.00
5000000.00,282687.00
250000.00,284174.00
1900000.00,285593.00
100000.00,287000.00
1300000.00,288751.00
1000000.00,288757.00
10000000.00,290875.00
7200000.00,295492.00
3000000.00,295493.00
10000000.00,295750.00
4000000.00,302204.00
1000000.00,304472.00
2000000.00,304602.00
20000000.00,305070.00
7000000.00,306715.00
500000.00,308793.00
350000.00,310891.00
12000000.00,310946.00
4200000.00,313230.00
2100000.00,313436.00
10000000.00,314073.00
500000.00,314444.00
18000000.00,315000.00
15500000.00,318623.00
35000.00,321952.00
4000000.00,324218.00
17500000.00,325491.00
1300000.00,329621.00
3000000.00,331000.00
5000000.00,332120.00
3800000.00,340930.00
42000.00,342722.00
200000.00,346106.00
9000000.00,349618.00
5000000.00,353480.00
15000000.00,353743.00
4000000.00,354704.00
1000000.00,354836.00
10000000.00,355919.00
33000000.00,357687.00
17000000.00,364607.00
500000.00,367582.00
800000.00,371647.00
1500000.00,372239.00
4000000.00,373375.00
300000.00,373615.00
20000000.00,375474.00
3000000.00,379161.00
900000.00,381420.00
7000000.00,382946.00
4000000.00,384244.00
2200000.00,388390.00
6000000.00,391942.00
4000000.00,399793.00
300000.00,399908.00
50000.00,406299.00
500000.00,407100.00
5000000.00,407488.00
6000000.00,408159.00
7000000.00,411874.00
900000.00,413733.00
12000.00,413802.00
1500000.00,414404.00
8000000.00,414617.00
1125000.00,414736.00
1500000.00,418953.00
1600000.00,419428.00
5800000.00,421021.00
50000.00,424149.00
1000000.00,428535.00
25000.00,428923.00
135000.00,429448.00
400000.00,433588.00
420000.00,435168.00
200000.00,439651.00
5300000.00,440821.00
4000000.00,442550.00
850000.00,442638.00
8000000.00,446438.00
450000.00,450349.00
12000000.00,450594.00
9000000.00,454255.00
8000000.00,456814.00
9900000.00,458054.00
8000000.00,458232.00
800000.00,462206.00
7000000.00,463039.00
40000000.00,463730.00
2000000.00,466106.00
1000000.00,473769.00
2800000.00,475000.00
1000000.00,475367.00
1900000.00,478595.00
2000000.00,481525.00
7000000.00,492108.00
3400000.00,493905.00
2500000.00,497195.00
2400000.00,500296.00
1000000.00,501289.00
2500000.00,507446.00
13000000.00,509193.00
6000000.00,509424.00
1500000.00,510957.00
15500000.00,517262.00
8000000.00,524747.00
15000000.00,528731.00
15000000.00,529766.00
5600000.00,531806.00
2000000.00,539961.00
1000000.00,542909.00
14200000.00,543306.00
1000000.00,549185.00
2500000.00,549632.00
1000000.00,552614.00
10000000.00,552641.00
7500000.00,555335.00
12000000.00,557545.00
4000000.00,563711.00
2600000.00,564474.00
14500000.00,565801.00
5000000.00,567219.00
2300000.00,574838.00
8000000.00,589308.00
8000000.00,590817.00
2500000.00,593933.00
1200000.00,595018.00
4500000.00,597989.00
10000000.00,598645.00
500000.00,602789.00
66000.00,602920.00
21000000.00,606162.00
1300000.00,609042.00
825000.00,610776.00
375000.00,617172.00
12000000.00,622273.00
14000000.00,623292.00
38000000.00,623374.00
1000000.00,627287.00
18000000.00,627422.00
10000000.00,630427.00
35000000.00,630779.00
1750000.00,634803.00
1300000.00,635305.00
2000000.00,636706.00
5000000.00,648183.00
400000.00,655538.00
1700000.00,661221.00
24000000.00,669276.00
10000.00,673780.00
18000000.00,676698.00
4000000.00,679482.00
500000.00,680914.00
3200000.00,690872.00
2000000.00,691880.00
1000000.00,703020.00
4500000.00,713413.00
7000000.00,719699.00
10000000.00,721108.00
10000000.00,723388.00
5700000.00,731613.00
4600000.00,731767.00
1900000.00,740932.00
250000.00,743216.00
1300000.00,749741.00
2000000.00,759504.00
4000000.00,760678.00
6000000.00,773490.00
20000000.00,774905.00
25000000.00,780326.00
1800000.00,783733.00
35000000.00,786532.00
5250000.00,786677.00
21600000.00,791154.00
4000000.00,797439.00
4000000.00,800000.00
950000.00,814666.00
750000.00,814801.00
270000.00,830700.00
3000000.00,834953.00
10000000.00,836641.00
1000000.00,839145.00
7000.00,841926.00
1800000.00,842693.00
1000000.00,844377.00
5000000.00,851690.00
1000000.00,852206.00
1000000.00,852399.00
5000000.00,861325.00
5500000.00,863895.00
850000.00,865708.00
20000000.00,873617.00
25000000.00,881745.00
800000.00,881950.00
7700000.00,882290.00
9000000.00,883887.00
3500000.00,886410.00
1200000.00,887000.00
13500000.00,892506.00
5000000.00,894030.00
3000000.00,895932.00
558000.00,900000.00
10000000.00,900926.00
1305000.00,909000.00
15000000.00,909822.00
40000000.00,915840.00
5000000.00,927074.00
6800000.00,927107.00
30000000.00,929157.00
900000.00,958978.00
4600000.00,968805.00
8000000.00,973443.00
4000000.00,973613.00
4000000.00,978527.00
12000000.00,994790.00
10000000.00,997921.00
7000000.00,1000000.00
14000000.00,1000000.00
800000.00,1001437.00
1300000.00,1005840.00
10000000.00,1011054.00
750000.00,1011535.00
3000000.00,1022453.00
4500000.00,1022649.00
500000.00,1027228.00
225000.00,1032075.00
6500000.00,1033810.00
10000000.00,1049641.00
5000000.00,1050861.00
10000000.00,1051907.00
5500000.00,1060512.00
20000000.00,1065907.00
10100000.00,1066555.00
9000000.00,1069318.00
10000000.00,1069454.00
5000000.00,1075009.00
2000000.00,1075504.00
40000000.00,1079040.00
7700000.00,1080428.00
26000000.00,1083350.00
1000000.00,1087521.00
12500000.00,1100287.00
225000.00,1109276.00
500000.00,1111615.00
1500000.00,1126258.00
500000.00,1131261.00
2000000.00,1134358.00
700000.00,1140965.00
55000000.00,1147784.00
15000000.00,1148578.00
13000000.00,1152117.00
2000000.00,1152411.00
1000000.00,1156309.00
250000.00,1157672.00
4000000.00,1158877.00
200000.00,1161843.00
400000.00,1162014.00
10000000.00,1165102.00
200000.00,1165996.00
20000000.00,1167092.00
500000.00,1167524.00
3750000.00,1178175.00
1000000.00,1179462.00
12000000.00,1188194.00
25000000.00,1190003.00
18000000.00,1199510.00
4357373.00,1200000.00
12000000.00,1200346.00
4500000.00,1217307.00
23000.00,1227508.00
10000000.00,1230542.00
15500000.00,1237615.00
1000000.00,1239174.00
7000000.00,1246141.00
50000000.00,1250617.00
500000.00,1250798.00
1400000.00,1261792.00
7000000.00,1268346.00
2500000.00,1269705.00
1750000.00,1278471.00
6000000.00,1290920.00
450000.00,1297745.00
10000000.00,1299855.00
18000000.00,1305114.00
32000000.00,1308696.00
780000.00,1310470.00
35000000.00,1320043.00
1800000.00,1322161.00
3000000.00,1324299.00
2400000.00,1333891.00
500000.00,1348750.00
8300000.00,1353296.00
19000000.00,1353824.00
1000000.00,1355079.00
1100000.00,1355728.00
6000000.00,1365108.00
250000.00,1366235.00
323000.00,1373407.00
5000000.00,1375194.00
13000000.00,1375635.00
2100000.00,1381824.00
850000.00,1386088.00
7000000.00,1391410.00
3500000.00,1396395.00
15000000.00,1405032.00
12500000.00,1412799.00
25000000.00,1415656.00
300000.00,1416046.00
6000000.00,1418304.00
2400000.00,1420418.00
1000000.00,1425707.00
7000000.00,1429453.00
2000000.00,1433319.00
1900000.00,1445140.00
16000000.00,1467278.00
36000000.00,1480089.00
1000000.00,1492895.00
35000000.00,1500000.00
4500000.00,1500000.00
825000.00,1500711.00
5000000.00,1504960.00
12000000.00,1513388.00
5000000.00,1526697.00
10000000.00,1537479.00
1500000.00,1541131.00
27000000.00,1545064.00
1000000.00,1549000.00
14000000.00,1553556.00
10000000.00,1562800.00
190000.00,1577585.00
15000000.00,1590246.00
12000000.00,1595168.00
560000.00,1597233.00
400000.00,1600566.00
10400000.00,1610194.00
12500000.00,1612957.00
1000000.00,1615787.00
1500000.00,1619602.00
12000000.00,1620056.00
180000.00,1628579.00
9000000.00,1635241.00
10000000.00,1638202.00
10000000.00,1641788.00
10000000.00,1642939.00
20000000.00,1646664.00
1300000.00,1647780.00
2000000.00,1660865.00
7000000.00,1661464.00
2000000.00,1663296.00
6000000.00,1673635.00
16000000.00,1686429.00
2500000.00,1687548.00
15500000.00,1693000.00
5200000.00,1695126.00
24000000.00,1696765.00
4700000.00,1705139.00
16000000.00,1705908.00
7000000.00,1732228.00
29000000.00,1733532.00
1300000.00,1738663.00
6500000.00,1744952.00
30000000.00,1769316.00
350000.00,1772979.00
12000000.00,1779284.00
312000.00,1788168.00
7500000.00,1788324.00
55000000.00,1807990.00
3000000.00,1821983.00
12000000.00,1828400.00
1500000.00,1840248.00
16000000.00,1844228.00
1000000.00,1849392.00
7000000.00,1857458.00
2000000.00,1869928.00
10000000.00,1884251.00
7000000.00,1891936.00
14000000.00,1903952.00
4000000.00,1919197.00
7000000.00,1933829.00
1400000.00,1945420.00
15000000.00,1953732.00
10000000.00,1953882.00
15000000.00,1954202.00
750000.00,1960521.00
15000000.00,1970268.00
500000.00,1971479.00
17000000.00,1973945.00
4000000.00,1983596.00
2000000.00,1985292.00
4000000.00,1989035.00
200000.00,2000000.00
5200000.00,2000000.00
1200000.00,2000000.00
20000000.00,2000000.00
35000000.00,2000000.00
11000000.00,2000000.00
9000000.00,2000093.00
2500000.00,2013052.00
1000000.00,2022442.00
6500000.00,2025032.00
7000.00,2041928.00
2000000.00,2046090.00
500000.00,2047570.00
7000000.00,2053330.00
12000000.00,2062406.00
300000.00,2066892.00
2000000.00,2077844.00
5000000.00,2080693.00
1500000.00,2082980.00
175000.00,2102779.00
12000000.00,2104164.00
13000000.00,2104439.00
6100000.00,2108367.00
17000000.00,2110050.00
19000000.00,2119994.00
5952000.00,2120439.00
11000000.00,2124005.00
500000.00,2141436.00
2000000.00,2151887.00
45000000.00,2154540.00
7000000.00,2165637.00
800000.00,2194020.00
11000000.00,2200000.00
35000000.00,2221994.00
2000000.00,2226603.00
20000000.00,2246000.00
3000000.00,2255000.00
8000000.00,2256606.00
12500000.00,2272186.00
8000000.00,2275557.00
2000000.00,2279959.00
439000.00,2281000.00
16800000.00,2281089.00
20000000.00,2282710.00
1500000.00,2300000.00
650000.00,2301777.00
17000000.00,2315000.00
1000000.00,2315026.00
12000000.00,2326407.00
50000.00,2335352.00
2000000.00,2350641.00
5000000.00,2368937.00
10000000.00,2373937.00
1500000.00,2380606.00
18000000.00,2401413.00
4500000.00,2404639.00
19100000.00,2406666.00
27000000.00,2412123.00
2000000.00,2419669.00
200000.00,2430735.00
3750000.00,2436111.00
14000000.00,2461628.00
8000000.00,2476491.00
250000.00,2477155.00
4500000.00,2481925.00
18000000.00,2483790.00
325000.00,2500000.00
1250000.00,2500000.00
1700000.00,2507159.00
1200000.00,2509344.00
6000000.00,2522928.00
300000.00,2525984.00
10000000.00,2529395.00
4030000.00,2542264.00
9000000.00,2548378.00
1500000.00,2592308.00
1600000.00,2595644.00
8300000.00,2598224.00
13000000.00,2613717.00
1455000.00,2620000.00
1600000.00,2627795.00
300000.00,2652515.00
7000000.00,2667084.00
1000000.00,2684207.00
17000000.00,2694071.00
230000.00,2703762.00
7000000.00,2703821.00
450000.00,2712293.00
23000000.00,2715657.00
30000000.00,2717302.00
1000000.00,2721096.00
8000000.00,2721534.00
1500000.00,2730877.00
8000000.00,2772511.00
2000000.00,2791973.00
4000000.00,2793776.00
11000000.00,2794056.00
400000.00,2797199.00
16000000.00,2814566.00
5000000.00,2821010.00
3200000.00,2828590.00
1200000.00,2832029.00
20700000.00,2840417.00
11000000.00,2844379.00
1200000.00,2859955.00
10800000.00,2862544.00
25000.00,2883661.00
1700000.00,2891228.00
13000000.00,2898225.00
32000000.00,2899970.00
800000.00,2900578.00
4000000.00,2922988.00
26000000.00,2923959.00
430000.00,2938000.00
1250000.00,2940411.00
36000000.00,2954405.00
3700000.00,2956000.00
3000000.00,2962051.00
12000000.00,2975188.00
25000000.00,2976636.00
100000.00,3000000.00
10000000.00,3000000.00
500000.00,3000000.00
6500000.00,3027956.00
1200000.00,3048209.00
1800000.00,3050934.00
13000000.00,3058380.00
4750000.00,3061763.00
3000000.00,3076820.00
120000.00,3090593.00
4600000.00,3099369.00
87000.00,3100000.00
2900000.00,3127472.00
7900000.00,3129471.00
9000000.00,3134509.00
2600000.00,3147950.00
10000000.00,3168858.00
500000.00,3177636.00
8500000.00,3180252.00
609000.00,3202000.00
11000000.00,3231251.00
3000000.00,3237452.00
30000000.00,3252550.00
10000000.00,3260179.00
13000000.00,3260555.00
150000.00,3270128.00
8000000.00,3270974.00
6000000.00,3273588.00
10000000.00,3275585.00
5600000.00,3281898.00
2600000.00,3292333.00
3500000.00,3293258.00
1000000.00,3324070.00
8900000.00,3324184.00
6000000.00,3330012.00
10000000.00,3336053.00
7500000.00,3347647.00
3700000.00,3355048.00
10000000.00,3357324.00
15000000.00,3396508.00
50000000.00,3434330.00
15000000.00,3436763.00
9000000.00,3438735.00
2000000.00,3438804.00
9000000.00,3440939.00
16000000.00,3442853.00
15000000.00,3454036.00
6000000.00,3456602.00
1000000.00,3465703.00
4000000.00,3468572.00
4600000.00,3479302.00
44000000.00,3484523.00
6000000.00,3485383.00
2361000.00,3500000.00
4500000.00,3500000.00
200000.00,3500000.00
8000000.00,3505823.00
12500000.00,3522153.00
10000000.00,3541565.00
1000000.00,3553253.00
7500000.00,3559803.00
10000000.00,3565109.00
300000.00,3571253.00
1000000.00,3575308.00
8000000.00,3582797.00
32000000.00,3588602.00
25000000.00,3605420.00
13000000.00,3617277.00
2000000.00,3620902.00
10000000.00,3623609.00
3000000.00,3660880.00
1200000.00,3700000.00
3000000.00,3705923.00
5000000.00,3707583.00
30000000.00,3721988.00
20000000.00,3727746.00
250000.00,3731489.00
6000000.00,3747270.00
840000.00,3787689.00
5000000.00,3807503.00
250000.00,3809226.00
4000000.00,3816594.00
500000.00,3824868.00
2500000.00,3838486.00
4000000.00,3858964.00
26700000.00,3871448.00
27000.00,3894240.00
5900000.00,3895664.00
3000000.00,3902679.00
9000000.00,3922043.00
12500000.00,3931367.00
2000000.00,4000000.00
1644000.00,4000000.00
3000000.00,4000000.00
350000.00,4000000.00
3000000.00,4002884.00
36000000.00,4020990.00
15000000.00,4023741.00
25000000.00,4049527.00
25000000.00,4064333.00
22000000.00,4065020.00
18000000.00,4100000.00
3000000.00,4109095.00
3400000.00,4124277.00
14000000.00,4127619.00
1500000.00,4128828.00
3000000.00,4142507.00
7500000.00,4151836.00
9200000.00,4199334.00
6400000.00,4199874.00
18500000.00,4221341.00
4000000.00,4230426.00
11000000.00,4234355.00
7500000.00,4239767.00
450000.00,4243996.00
8500000.00,4273372.00
14000000.00,4288246.00
2000000.00,4294373.00
600000.00,4300000.00
4000000.00,4301000.00
9000000.00,4313644.00
6000000.00,4316497.00
9000000.00,4333569.00
24000000.00,4356126.00
32000000.00,4357406.00
379000.00,4358000.00
12500000.00,4360548.00
7000000.00,4372561.00
20000000.00,4383538.00
6000000.00,4398989.00
42000000.00,4408420.00
46000000.00,4408636.00
5000000.00,4414753.00
3000000.00,4417983.00
1600000.00,4420000.00
750000.00,4422318.00
20000000.00,4453327.00
4000000.00,4454853.00
27000000.00,4485485.00
4800000.00,4494560.00
35000000.00,4496583.00
20000000.00,4504111.00
80000000.00,4547660.00
4500000.00,4556982.00
28700000.00,4559569.00
5000000.00,4568257.00
3000000.00,4570178.00
1900000.00,4581937.00
1900000.00,4600000.00
12000000.00,4606284.00
250000.00,4613482.00
4000000.00,4630045.00
35000000.00,4651977.00
10000000.00,4659110.00
3000000.00,4668109.00
23000000.00,4673377.00
68000.00,4678513.00
10000000.00,4690802.00
1250000.00,4700000.00
10000000.00,4708127.00
6000000.00,4713059.00
8000000.00,4714090.00
7000000.00,4720371.00
1700000.00,4727375.00
5400000.00,4728896.00
1000000.00,4731944.00
14000000.00,4741987.00
19000000.00,4750000.00
20000000.00,4754517.00
9000000.00,4777465.00
11000000.00,4814244.00
5000000.00,4815890.00
5000000.00,4816142.00
4000000.00,4854356.00
700000.00,4857731.00
5500000.00,4865000.00
12000000.00,4880941.00
700000.00,4911725.00
12000000.00,4922166.00
9000000.00,4934104.00
2500000.00,4934356.00
15000000.00,4956401.00
30000000.00,4967493.00
4750000.00,4972016.00
12000000.00,4984663.00
210000.00,5000000.00
2900000.00,5000000.00
22000000.00,5000000.00
3716946.00,5000000.00
13000000.00,5002310.00
7000000.00,5017971.00
400000.00,5028948.00
800000.00,5034794.00
10000000.00,5045359.00
21000000.00,5046038.00
1500000.00,5046118.00
3000000.00,5100863.00
7500000.00,5142858.00
10000000.00,5149131.00
13000000.00,5175088.00
27000000.00,5204007.00
15000000.00,5217498.00
100000.00,5228617.00
10000000.00,5241315.00
9600000.00,5256839.00
550000.00,5269990.00
1300000.00,5273000.00
29200000.00,5278519.00
9500000.00,5278632.00
12000000.00,5295909.00
25000000.00,5297411.00
20000000.00,5313608.00
8000000.00,5314194.00
5000000.00,5321508.00
20000000.00,5345869.00
1070000.00,5348767.00
2627000.00,5363000.00
2700000.00,5377665.00
1000000.00,5391992.00
2750000.00,5394447.00
1600000.00,5400000.00
12000000.00,5400624.00
75000000.00,5409517.00
3300000.00,5422740.00
4500000.00,5428387.00
7000000.00,5430822.00
10000000.00,5437126.00
5000000.00,5438120.00
1000000.00,5438911.00
38000000.00,5473041.00
5000000.00,5476060.00
5000000.00,5476793.00
5000000.00,5502773.00
25000000.00,5516708.00
750000.00,5520368.00
8000000.00,5531455.00
20000000.00,5531756.00
12000000.00,5549923.00
30000000.00,5564014.00
1900000.00,5617067.00
19200000.00,5617460.00
500000.00,5639730.00
17000000.00,5653176.00
25000000.00,5654777.00
8000000.00,5656388.00
18000000.00,5675599.00
2500000.00,5683371.00
28000000.00,5686694.00
2400000.00,5691854.00
20000000.00,5694213.00
7000000.00,5694308.00
3500000.00,5706638.00
19000000.00,5714913.00
1800000.00,5719000.00
3000000.00,5732587.00
3000000.00,5746453.00
25000000.00,5778353.00
14000000.00,5782198.00
1000000.00,5797192.00
9200000.00,5806666.00
18000000.00,5823540.00
16000000.00,5825314.00
18000000.00,5828466.00
4200000.00,5835247.00
13000000.00,5871603.00
1000000.00,5892466.00
20000000.00,5918742.00
3000000.00,5922292.00
3500000.00,5923044.00
10000000.00,5950002.00
15000000.00,5953886.00
4000000.00,5966671.00
1288000.00,6000000.00
4000000.00,6000000.00
18000000.00,6000000.00
10000000.00,6000000.00
1600000.00,6026908.00
10000000.00,6030047.00
1000000.00,6030129.00
22000000.00,6047691.00
2000000.00,6049171.00
20000000.00,6071433.00
20000000.00,6093725.00
1200000.00,6100000.00
13500000.00,6118683.00
100000.00,6121582.00
5500000.00,6148823.00
26000000.00,6154172.00
5000000.00,6157157.00
6500000.00,6173485.00
6000000.00,6176114.00
10000000.00,6197866.00
12000000.00,6200000.00
20000000.00,6201757.00
5000000.00,6205034.00
2000000.00,6225304.00
3000000.00,6239723.00
10000000.00,6244618.00
16000000.00,6248077.00
13000000.00,6276869.00
50000000.00,6291602.00
80000000.00,6300451.00
40000000.00,6341825.00
15000000.00,6379575.00
2500000.00,6401336.00
39000000.00,6429865.00
2850000.00,6435262.00
35000000.00,6448817.00
3500000.00,6451628.00
13000000.00,6459183.00
30000000.00,6460758.00
10000000.00,6491969.00
38000000.00,6504442.00
55000000.00,6521829.00
7000000.00,6537179.00
15000000.00,6551310.00
14000000.00,6552255.00
12000000.00,6553186.00
15000000.00,6561243.00
11000000.00,6586324.00
5000000.00,6590172.00
6000000.00,6591365.00
2686000.00,6600000.00
16000000.00,6615452.00
200000.00,6618578.00
50000000.00,6626115.00
8000000.00,6632950.00
5000000.00,6656705.00
140000.00,6706368.00
10000000.00,6719864.00
18000000.00,6734844.00
5000000.00,6755271.00
5800000.00,6800000.00
1800000.00,6800000.00
6750000.00,6812530.00
21000000.00,6830957.00
8400000.00,6831069.00
15000000.00,6832542.00
18000000.00,6841142.00
6000000.00,6852450.00
3000000.00,6879730.00
20000000.00,6882696.00
17900000.00,6905861.00
30000000.00,6916869.00
2500000.00,6916951.00
4900000.00,6924321.00
20000000.00,6947084.00
3250000.00,6965361.00
12000000.00,6982680.00
1500000.00,7000000.00
1200000.00,7000000.00
1200000.00,7000000.00
12500000.00,7000000.00
40000000.00,7000000.00
15300000.00,7000000.00
5600000.00,7009668.00
4500000.00,7011317.00
100000.00,7012524.00
7000000.00,7017859.00
23000000.00,7018525.00
20000000.00,7022183.00
2600000.00,7033931.00
10000000.00,7037886.00
100000000.00,7094995.00
5000000.00,7100000.00
54000000.00,7126002.00
18000000.00,7129670.00
175000.00,7137502.00
25000000.00,7164995.00
4900000.00,7174984.00
18000000.00,7190505.00
2540000.00,7200000.00
12000000.00,7203439.00
13300000.00,7229933.00
3000000.00,7282851.00
17500000.00,7285135.00
3000000.00,7301115.00
16800000.00,7313697.00
8000000.00,7315248.00
2000000.00,7369373.00
4500000.00,7389233.00
20000000.00,7405084.00
3000000.00,7445044.00
10000000.00,7501132.00
4500000.00,7503672.00
4000000.00,7555256.00
8500000.00,7573551.00
19000000.00,7576604.00
15000000.00,7583050.00
16000000.00,7585011.00
2000000.00,7600000.00
41000000.00,7684524.00
750000.00,7712436.00
9000000.00,7714549.00
40000000.00,7729552.00
30000000.00,7755686.00
2000000.00,7756617.00
3000000.00,7777790.00
1900000.00,7785229.00
2000000.00,7799257.00
2000000.00,7800000.00
1000000.00,7800000.00
300000.00,7808524.00
6000000.00,7818479.00
7000000.00,7824358.00
4500000.00,7838405.00
10000000.00,7843145.00
10000000.00,7862131.00
13000000.00,7881335.00
15000000.00,7885048.00
3000000.00,7888000.00
12000000.00,7900000.00
6900000.00,7950889.00
5000000.00,7951247.00
40000000.00,7974607.00
200000.00,8000000.00
134000.00,8000000.00
3768785.00,8000000.00
1800000.00,8000000.00
730000.00,8000000.00
3200000.00,8000000.00
20000000.00,8000000.00
5000000.00,8000000.00
3500000.00,8000000.00
4700000.00,8025872.00
20000000.00,8047525.00
13000000.00,8064972.00
4200000.00,8078683.00
16000000.00,8120148.00
19000000.00,8123860.00
13000000.00,8130727.00
5400000.00,8133256.00
20000000.00,8135024.00
28000000.00,8165213.00
6000000.00,8173486.00
20000000.00,8178569.00
4000000.00,8200000.00
2700000.00,8200000.00
15000000.00,8200127.00
25000000.00,8208594.00
20000000.00,8221700.00
15000000.00,8224998.00
10000000.00,8243567.00
950000.00,8267066.00
8000000.00,8279017.00
20000000.00,8284331.00
24000000.00,8292914.00
20000000.00,8300821.00
4000000.00,8302995.00
15000000.00,8322608.00
20000000.00,8361736.00
8000000.00,8370555.00
7000000.00,8373585.00
50000000.00,8374062.00
15000000.00,8378141.00
10000000.00,8378853.00
16000000.00,8400000.00
33000000.00,8408835.00
24000000.00,8427204.00
28000000.00,8434601.00
6000000.00,8446952.00
10000000.00,8457974.00
45000000.00,8488871.00
42000000.00,8514325.00
7500000.00,8539003.00
5500000.00,8589831.00
28000000.00,8592432.00
30000000.00,8593154.00
17000000.00,8607815.00
17000000.00,8609949.00
10000000.00,8629895.00
5000000.00,8655397.00
2000000.00,8685632.00
20000000.00,8692898.00
12000000.00,8706701.00
27000000.00,8712564.00
15000000.00,8735529.00
2380000.00,8739576.00
5500000.00,8761608.00
15000000.00,8767338.00
1800000.00,8800000.00
10000000.00,8801940.00
7000000.00,8824553.00
30000000.00,8845575.00
8000000.00,8864699.00
10000000.00,8890094.00
28000000.00,8891623.00
6400000.00,8902141.00
15000000.00,8921050.00
12000000.00,8942516.00
250000.00,8969065.00
3900000.00,9000000.00
1500000.00,9000000.00
1000000.00,9000000.00
1000000.00,9000000.00
3000000.00,9012000.00
3000000.00,9017070.00
18000000.00,9082906.00
900000.00,9097072.00
80000000.00,9103630.00
5000000.00,9109597.00
2160000.00,9132000.00
1800000.00,9164370.00
11000000.00,9170214.00
2000000.00,9172000.00
6200000.00,9205924.00
20000000.00,9208876.00
2000000.00,9250000.00
4600000.00,9261711.00
8000000.00,9266180.00
25000000.00,9286314.00
1100000.00,9297407.00
15000000.00,9300336.00
15000000.00,9307166.00
25000000.00,9313302.00
4500000.00,9330465.00
1500000.00,9345061.00
27000000.00,9352089.00
20000000.00,9355369.00
12500000.00,9376444.00
500000.00,9387581.00
10000000.00,9408183.00
4000000.00,9413956.00
17000000.00,9438074.00
7400000.00,9443864.00
25000000.00,9445081.00
22000000.00,9448623.00
500000.00,9470209.00
2000000.00,9505996.00
55000000.00,9521458.00
6800000.00,9533964.00
20000000.00,9537120.00
3180000.00,9576159.00
15000000.00,9579068.00
910000.00,9600000.00
2000000.00,9615464.00
5800000.00,9662214.00
5000000.00,9669521.00
45000000.00,9676497.00
1700000.00,9700000.00
5100000.00,9709597.00
17000000.00,9729088.00
4300000.00,9791282.00
50000000.00,9812870.00
37500000.00,9813309.00
22000000.00,9818792.00
4000000.00,9821335.00
15000000.00,9930649.00
4400000.00,9969237.00
3000000.00,9981635.00
3000000.00,10000000.00
17000000.00,10000000.00
2500000.00,10000000.00
350000.00,10000000.00
672000.00,10000650.00
65000000.00,10014234.00
10000000.00,10019109.00
13000000.00,10020081.00
90000000.00,10020889.00
12000000.00,10026255.00
1000000.00,10037390.00
25000000.00,10039566.00
3000000.00,10051516.00
7000000.00,10062896.00
29000000.00,10066366.00
40000000.00,10070651.00
4000000.00,10097096.00
6000000.00,10106975.00
21000000.00,10108016.00
1900000.00,10137234.00
10100000.00,10143618.00
6500000.00,10155691.00
35000000.00,10157534.00
4300000.00,10158355.00
2000000.00,10166209.00
3000000.00,10172519.00
9000000.00,10176701.00
8000000.00,10192613.00
5000000.00,10206551.00
4300000.00,10212403.00
38000000.00,10229300.00
7000000.00,10237239.00
100000.00,10243159.00
3500000.00,10317779.00
35000000.00,10319915.00
27000000.00,10341093.00
50000000.00,10359006.00
105000000.00,10364769.00
8500000.00,10386814.00
34000000.00,10392666.00
20000000.00,10393696.00
14000000.00,10397365.00
4500000.00,10400000.00
3000000.00,10400000.00
19000000.00,10412485.00
30000000.00,10419084.00
50000.00,10426506.00
11000000.00,10431506.00
24200000.00,10447579.00
1039000.00,10462500.00
20000000.00,10468867.00
3000000.00,10473836.00
15000000.00,10513979.00
5000000.00,10537341.00
20000000.00,10555348.00
6000000.00,10557291.00
50000000.00,10561038.00
20000000.00,10570375.00
10000000.00,10571408.00
60000000.00,10597070.00
27000000.00,10618813.00
6000000.00,10619770.00
8000000.00,10629320.00
17000000.00,10637281.00
9000000.00,10642023.00
23000000.00,10660147.00
2000000.00,10672492.00
34000000.00,10672566.00
5000000.00,10676073.00
20000000.00,10686841.00
22000000.00,10696210.00
40000000.00,10717421.00
12500000.00,10725228.00
25000000.00,10731997.00
5000000.00,10732909.00
5000000.00,10744134.00
5000000.00,10751126.00
8000000.00,10763183.00
15000000.00,10763469.00
7000000.00,10765283.00
4000000.00,10770993.00
7000000.00,10803211.00
1200000.00,10827356.00
7000000.00,10828305.00
7500000.00,10834406.00
15000000.00,10845127.00
7500000.00,10849158.00
4000000.00,10898293.00
4000000.00,10941801.00
15000000.00,10951153.00
110000.00,11000000.00
1250000.00,11000000.00
2300000.00,11000000.00
5000000.00,11000000.00
4638783.00,11000000.00
5000000.00,11014685.00
47000000.00,11022696.00
3000000.00,11052713.00
25000000.00,11100000.00
25000000.00,11115766.00
4000000.00,11131455.00
13000000.00,11141213.00
15000000.00,11156471.00
14000000.00,11166615.00
15000000.00,11173718.00
1500000.00,11191423.00
45000000.00,11203026.00
17000000.00,11227824.00
25000000.00,11229035.00
2000000.00,11234552.00
25000000.00,11253821.00
2000000.00,11263263.00
34000000.00,11263966.00
3000000.00,11267511.00
12500000.00,11277119.00
3000000.00,11322573.00
6000000.00,11348205.00
14000000.00,11354230.00
10000000.00,11400000.00
60000000.00,11427090.00
1000000.00,11495204.00
55000000.00,11532774.00
3000000.00,11537539.00
16000000.00,11540112.00
2000000.00,11546543.00
35000000.00,11559747.00
30000000.00,11578022.00
15000000.00,11599903.00
25000000.00,11603545.00
15000000.00,11614954.00
5200000.00,11633427.00
17000000.00,11634458.00
6000000.00,11642254.00
13500000.00,11732088.00
13700000.00,11738256.00
4000000.00,11744471.00
20000000.00,11744960.00
6500000.00,11745931.00
42000000.00,11756922.00
7500000.00,11758418.00
10000000.00,11766959.00
700000.00,11768371.00
23000000.00,11778396.00
6000000.00,11784569.00
4000000.00,11799060.00
1500000.00,11806119.00
16000000.00,11810854.00
20000000.00,11813410.00
18000000.00,11813989.00
12500000.00,11826980.00
13000000.00,11831131.00
7500000.00,11843260.00
15000000.00,11919578.00
10000000.00,11924041.00
900000.00,11993156.00
3500000.00,12000000.00
21600000.00,12000000.00
30000000.00,12017369.00
7300000.00,12023606.00
28000000.00,12031443.00
3000000.00,12051924.00
60000000.00,12069719.00
12000000.00,12079308.00
10000000.00,12179708.00
15000000.00,12212417.00
25000000.00,12219367.00
1700000.00,12231500.00
5000000.00,12232628.00
4500000.00,12247682.00
35000000.00,12254746.00
15000000.00,12262065.00
2500000.00,12267275.00
23000000.00,12291975.00
2500000.00,12300000.00
12500000.00,12309980.00
50000000.00,12335036.00
44000000.00,12342632.00
40000000.00,12345883.00
24000000.00,12372410.00
6500000.00,12376563.00
20000000.00,12397613.00
20000000.00,12398628.00
3300000.00,12405473.00
1500000.00,12412889.00
25000000.00,12413949.00
15000000.00,12419700.00
14000000.00,12452601.00
6000000.00,12500000.00
35000000.00,12506188.00
9000000.00,12512317.00
12000000.00,12516222.00
16000000.00,12519804.00
36000000.00,12532777.00
10000000.00,12554569.00
3000000.00,12577401.00
14000000.00,12591270.00
5000000.00,12592907.00
3500000.00,12600000.00
40000000.00,12624471.00
9000000.00,12657377.00
15000000.00,12669914.00
7200000.00,12678312.00
8000000.00,12740705.00
6000000.00,12793213.00
3500000.00,12800000.00
15000000.00,12801190.00
23000000.00,12803305.00
35000000.00,12819501.00
25000000.00,12850033.00
16000000.00,12900000.00
47000000.00,12900000.00
12000000.00,12905901.00
55000000.00,12923936.00
15250000.00,12930343.00
1000000.00,12931569.00
5000000.00,12947763.00
5000000.00,12961389.00
20000000.00,12967829.00
3000000.00,13000000.00
24000000.00,13000000.00
4000000.00,13000000.00
11000000.00,13000959.00
3500000.00,13007551.00
23000000.00,13019253.00
14000000.00,13024170.00
25000000.00,13038660.00
36000000.00,13052741.00
9000000.00,13061935.00
9000000.00,13075390.00
5000000.00,13099931.00
2000000.00,13129846.00
6000000.00,13168809.00
27000000.00,13174426.00
3000000.00,13200000.00
18000000.00,13203044.00
14000000.00,13205411.00
40000000.00,13208023.00
60000000.00,13233220.00
15000000.00,13248444.00
11000000.00,13353855.00
20000000.00,13383747.00
18000000.00,13400000.00
4500000.00,13417292.00
10000000.00,13423176.00
25000000.00,13424365.00
17000000.00,13446115.00
3700000.00,13447998.00
15000000.00,13454474.00
5500000.00,13480196.00
40000000.00,13508635.00
22000000.00,13555988.00
11000000.00,13558739.00
23000000.00,13593473.00
70000000.00,13596911.00
35000000.00,13601109.00
16500000.00,13636339.00
40000000.00,13644292.00
19000000.00,13680000.00
10000000.00,13684949.00
18500000.00,13711903.00
11000000.00,13719474.00
20000000.00,13725032.00
26000000.00,13738574.00
18000000.00,13747234.00
7000000.00,13767816.00
15600000.00,13771817.00
3500000.00,13795053.00
14000000.00,13800000.00
20000000.00,13801755.00
10000000.00,13835130.00
16000000.00,13854000.00
2500000.00,13881317.00
2000000.00,13912289.00
25000000.00,13973532.00
3500000.00,14000000.00
12000000.00,14010363.00
16000000.00,14108518.00
9500000.00,14114000.00
14000000.00,14121177.00
10500000.00,14140402.00
10000000.00,14156753.00
18000000.00,14189810.00
7000000.00,14231669.00
4000000.00,14237880.00
15000000.00,14249005.00
22000000.00,14252830.00
1600000.00,14253760.00
50000000.00,14271297.00
34000000.00,14291999.00
70000000.00,14294842.00
2300000.00,14305540.00
3200000.00,14314407.00
6537890.00,14319195.00
10000000.00,14321070.00
25000000.00,14334401.00
5000000.00,14343976.00
40000000.00,14358033.00
40000000.00,14375181.00
36000000.00,14378353.00
14000000.00,14395874.00
4000000.00,14400000.00
2500000.00,14400000.00
3200000.00,14441158.00
40000000.00,14448589.00
26000000.00,14469428.00
35000000.00,14471440.00
18000000.00,14488705.00
17700000.00,14518884.00
1500000.00,14533681.00
6000000.00,14545844.00
16000000.00,14553807.00
1000000.00,14564000.00
20000000.00,14566246.00
20000000.00,14603001.00
7000000.00,14618727.00
75000000.00,14623082.00
5600000.00,14683763.00
11000000.00,14786394.00
16000000.00,14792779.00
25000000.00,14805812.00
20000000.00,14807531.00
15000000.00,14811980.00
60000000.00,14816379.00
60000000.00,14816494.00
16000000.00,14839383.00
5000000.00,14843425.00
20000000.00,14883495.00
15000000.00,14933713.00
40000000.00,14938149.00
40000000.00,14942422.00
15000000.00,14947243.00
47000000.00,14970038.00
13000000.00,14999638.00
5000000.00,15000000.00
4000000.00,15000000.00
3000000.00,15000000.00
36500000.00,15000000.00
8500000.00,15024232.00
10000000.00,15037867.00
20000000.00,15055091.00
14000000.00,15064948.00
19400000.00,15118795.00
5000000.00,15126948.00
10000000.00,15132211.00
15000000.00,15136870.00
6000000.00,15137932.00
5500000.00,15155021.00
250000.00,15155095.00
10000000.00,15164492.00
14000000.00,15171475.00
10000000.00,15198912.00
150000.00,15200000.00
7000000.00,15206330.00
10000000.00,15297318.00
2600000.00,15298355.00
30000000.00,15313631.00
5000000.00,15318257.00
30000000.00,15358583.00
2000000.00,15396525.00
22000000.00,15434375.00
28500000.00,15452978.00
35000000.00,15461638.00
20000000.00,15466961.00
25000000.00,15468266.00
7000000.00,15471229.00
35000000.00,15471969.00
20000000.00,15473333.00
50000000.00,15505922.00
14000000.00,15549702.00
2700000.00,15600000.00
8000000.00,15644196.00
12000000.00,15668012.00
17000000.00,15680099.00
18000000.00,15696146.00
5500000.00,15700000.00
22000000.00,15716828.00
23000000.00,15728335.00
27500000.00,15815509.00
31000000.00,15826984.00
5500000.00,15867314.00
25000000.00,15907411.00
19000000.00,15911332.00
3000000.00,15935068.00
1000000.00,15943081.00
16000000.00,15980376.00
18000000.00,16011975.00
5000000.00,16017403.00
6800000.00,16038343.00
10000000.00,16084310.00
25000000.00,16118077.00
55000000.00,16123323.00
2000000.00,16131551.00
17000000.00,16140842.00
7000000.00,16149180.00
46500000.00,16149791.00
10000000.00,16153000.00
16500000.00,16157923.00
40000000.00,16172200.00
40000000.00,16173593.00
1000000.00,16173879.00
12500000.00,16193713.00
9000000.00,16235738.00
30000000.00,16295774.00
24000000.00,16304786.00
28000000.00,16311335.00
17000000.00,16316273.00
12000000.00,16349034.00
6000000.00,16369708.00
18000000.00,16382538.00
25000000.00,16425701.00
19700000.00,16498827.00
17000000.00,16510971.00
5000000.00,16515203.00
26000000.00,16521410.00
1000000.00,16553163.00
27000000.00,16566235.00
1000000.00,16566240.00
50000000.00,16581575.00
8000000.00,16585503.00
2000000.00,16610760.00
20000000.00,16612072.00
5000000.00,16628751.00
32000000.00,16640210.00
10000000.00,16667084.00
20000000.00,16723377.00
25000000.00,16727470.00
13000000.00,16757163.00
15000000.00,16829464.00
35000000.00,16830252.00
7000000.00,16866928.00
20000000.00,16907831.00
30000000.00,16910708.00
14000000.00,16951798.00
18000000.00,16959614.00
24000000.00,16980098.00
20000000.00,16988996.00
500000.00,17000000.00
7000000.00,17005466.00
2900000.00,17006158.00
7000000.00,17023121.00
40000000.00,17033431.00
10000000.00,17033556.00
9200000.00,17155193.00
8500000.00,17202854.00
22000000.00,17216955.00
65000000.00,17218916.00
8500000.00,17220091.00
45000000.00,17220599.00
15000000.00,17224539.00
5000000.00,17250101.00
6000000.00,17252287.00
12000000.00,17292381.00
10000000.00,17300838.00
20000000.00,17306648.00
12000000.00,17322212.00
5000000.00,17329337.00
18000000.00,17360801.00
38000000.00,17378193.00
8000000.00,17394881.00
2000000.00,17403168.00
20000000.00,17430594.00
10000000.00,17433072.00
9000000.00,17462398.00
12000000.00,17475475.00
3000000.00,17489009.00
45000000.00,17492014.00
5000000.00,17499242.00
10000000.00,17536256.00
900000.00,17549645.00
9800000.00,17553055.00
4900000.00,17561100.00
3000000.00,17570324.00
21000000.00,17589867.00
10000000.00,17657973.00
20000000.00,17684355.00
10000000.00,17704131.00
21000000.00,17760244.00
5000000.00,17768757.00
9000000.00,17804273.00
20000000.00,17807569.00
38000000.00,17830244.00
13000000.00,17856688.00
30000000.00,17865209.00
35000000.00,17967746.00
1000000.00,17985000.00
2000000.00,18016290.00
8000000.00,18090181.00
6500000.00,18110152.00
67000000.00,18115927.00
45000000.00,18120267.00
7000000.00,18190831.00
32000000.00,18195238.00
6000000.00,18209872.00
9000000.00,18225165.00
20000000.00,18250106.00
15000000.00,18260865.00
20000000.00,18273009.00
15000000.00,18301418.00
3450000.00,18309793.00
20000000.00,18310591.00
47500000.00,18329653.00
2000000.00,18344729.00
35000000.00,18376443.00
20000000.00,18400000.00
10000000.00,18423914.00
3500000.00,18495444.00
26000000.00,18496522.00
6000000.00,18504539.00
92000000.00,18517322.00
15000000.00,18524496.00
5600000.00,18527766.00
30000000.00,18535575.00
32000000.00,18552460.00
55000000.00,18582965.00
20000000.00,18608570.00
7000000.00,18642318.00
23000000.00,18653615.00
1125000.00,18673274.00
62000000.00,18708848.00
10100000.00,18726300.00
13000000.00,18733666.00
30000000.00,18765585.00
9000000.00,18802255.00
20000000.00,18826490.00
8000000.00,18828036.00
15000000.00,18856151.00
9100000.00,18872126.00
8000000.00,18959424.00
25000000.00,18991288.00
12000000.00,19000000.00
15000000.00,19014238.00
30000000.00,19035741.00
12600000.00,19054534.00
10000000.00,19080435.00
20000000.00,19121531.00
23000000.00,19123851.00
15000000.00,19153568.00
2800000.00,19170001.00
4000000.00,19174817.00
3000000.00,19184820.00
25000000.00,19233280.00
35000000.00,19282590.00
12000000.00,19287485.00
22000000.00,19288130.00
38000000.00,19317765.00
15000000.00,19344615.00
12000000.00,19379463.00
40000000.00,19417182.00
5000000.00,19421271.00
5000000.00,19438638.00
20000000.00,19450780.00
3000000.00,19472057.00
10000000.00,19535005.00
70000000.00,19548419.00
22000000.00,19563579.00
9300000.00,19571091.00
30000000.00,19599974.00
5000000.00,19600000.00
14000000.00,19637147.00
18000000.00,19685588.00
17000000.00,19693891.00
18000000.00,19739000.00
40000000.00,19756077.00
10000000.00,19860259.00
70000000.00,19870567.00
8000000.00,19891331.00
30000000.00,19892205.00
13000000.00,19910624.00
13000000.00,19929123.00
11000000.00,19947280.00
600000.00,20000000.00
8000000.00,20005613.00
4000000.00,20008693.00
22000000.00,20034713.00
9000000.00,20035310.00
8000000.00,20036244.00
25000000.00,20052958.00
20000000.00,20081987.00
70000000.00,20107933.00
12000000.00,20122558.00
3000000.00,20123742.00
45000000.00,20133326.00
29000000.00,20146150.00
17500000.00,20159316.00
11000000.00,20169934.00
5250000.00,20188740.00
6250000.00,20199663.00
7000000.00,20257000.00
20000000.00,20268825.00
40000000.00,20278055.00
8500000.00,20288774.00
10000000.00,20384136.00
11000000.00,20388920.00
6000000.00,20400000.00
1500000.00,20412216.00
6500000.00,20412841.00
49000000.00,20423389.00
3400000.00,20433227.00
17000000.00,20465206.00
90000000.00,20466016.00
14000000.00,20537741.00
60000000.00,20541668.00
14000000.00,20597806.00
15000000.00,20601987.00
3250000.00,20605209.00
35000000.00,20606053.00
15000000.00,20609977.00
2000000.00,20649774.00
5000000.00,20659423.00
6000000.00,20695413.00
25000000.00,20718223.00
40000000.00,20722450.00
2000000.00,20741000.00
5000000.00,20765353.00
10000000.00,20766000.00
16000000.00,20769209.00
40000000.00,20790486.00
20000000.00,20819601.00
60000000.00,20830546.00
80000000.00,20841123.00
42000000.00,20844907.00
2000000.00,20883834.00
15000000.00,20898221.00
9100000.00,20927794.00
7000000.00,20940428.00
12500000.00,20959585.00
3000000.00,20966644.00
12500000.00,21000000.00
12000000.00,21089146.00
10000000.00,21094974.00
12000000.00,21133087.00
3000000.00,21163999.00
17000000.00,21170563.00
11000000.00,21171695.00
6000000.00,21197454.00
4000000.00,21206861.00
40000000.00,21215882.00
1987650.00,21270290.00
5000000.00,21277770.00
27000000.00,21300000.00
18000000.00,21361109.00
1000000.00,21378361.00
16500000.00,21404122.00
14000000.00,21410546.00
20000000.00,21413105.00
27000000.00,21500000.00
11000000.00,21502976.00
45000000.00,21544732.00
9000000.00,21571189.00
30000000.00,21577076.00
10000000.00,21596074.00
33000000.00,21621188.00
16000000.00,21657770.00
1250000.00,21722776.00
4000000.00,21750000.00
30000000.00,21758371.00
65000000.00,21778555.00
6000000.00,21787233.00
16000000.00,21799652.00
9400000.00,21817298.00
30000000.00,21827296.00
10000000.00,21851362.00
12000000.00,21867665.00
15000000.00,21896367.00
2200000.00,21930418.00
8000000.00,21970000.00
25000000.00,21970831.00
23000000.00,21973182.00
245000.00,22000000.00
15000000.00,22018988.00
25000000.00,22032635.00
50000000.00,22099706.00
41000000.00,22108977.00
20000000.00,22119269.00
20000000.00,22139590.00
15000000.00,22165608.00
6000000.00,22168359.00
5000000.00,22178125.00
10000000.00,22198996.00
1500000.00,22217183.00
65000.00,22233808.00
21500000.00,22331846.00
40000000.00,22365133.00
13000000.00,22391450.00
25000000.00,22411948.00
40000000.00,22433915.00
60000000.00,22468620.00
8000000.00,22549338.00
8000000.00,22591451.00
16000000.00,22594052.00
55000000.00,22597969.00
12000000.00,22673340.00
44000000.00,22730924.00
8900000.00,22744132.00
12000000.00,22750356.00
14000000.00,22754472.00
14000000.00,22815460.00
53000000.00,22852487.00
28000000.00,22860477.00
22000000.00,22861785.00
1750000.00,22879194.00
8500000.00,22885836.00
25000000.00,22910563.00
35000000.00,22913677.00
12000000.00,22921898.00
5250000.00,22937201.00
50000000.00,22969202.00
12000000.00,22978953.00
52000000.00,23010607.00
2500000.00,23014021.00
13000000.00,23014027.00
1200000.00,23046142.00
5000000.00,23047939.00
30000000.00,23095325.00
22000000.00,23134075.00
50000000.00,23152062.00
20000000.00,23187506.00
25000000.00,23190697.00
1800000.00,23265132.00
2100000.00,23266821.00
1700000.00,23271741.00
3000000.00,23283672.00
8500000.00,23311425.00
150000.00,23344056.00
4900000.00,23347469.00
30000000.00,23353111.00
36000000.00,23360779.00
12500000.00,23367586.00
18000000.00,23380203.00
7000000.00,23393939.00
4500000.00,23471871.00
25000000.00,23506237.00
5000000.00,23565072.00
10000000.00,23591043.00
2800000.00,23591783.00
2100000.00,23600000.00
20000000.00,23661038.00
30000000.00,23676771.00
3800000.00,23689877.00
12000000.00,23693646.00
17000000.00,23734486.00
658000.00,23800000.00
18000000.00,23889158.00
250000.00,23894000.00
18000000.00,23910210.00
92000000.00,23911362.00
30000000.00,23998226.00
7800000.00,24021282.00
11900000.00,24041617.00
6500000.00,24103594.00
11000000.00,24150550.00
32500000.00,24159934.00
40000000.00,24172899.00
25000000.00,24215385.00
25000000.00,24355762.00
2000000.00,24391108.00
35000000.00,24405825.00
21500000.00,24419219.00
800000.00,24426169.00
2000000.00,24464742.00
8000000.00,24474312.00
24000000.00,24474463.00
23000000.00,24489150.00
38000000.00,24515990.00
25000000.00,24591031.00
3000000.00,24600000.00
2000000.00,24600832.00
10000000.00,24660323.00
35000000.00,24687524.00
29000000.00,24716190.00
17000000.00,24719879.00
12000000.00,24761360.00
8300000.00,24906717.00
18000000.00,24911670.00
35000000.00,24915969.00
37000000.00,24935799.00
2883848.00,25000000.00
200000.00,25000000.00
7000000.00,25000000.00
14000000.00,25011000.00
5000000.00,25032000.00
22000000.00,25044057.00
63000000.00,25052000.00
6000000.00,25059640.00
9000000.00,25077411.00
35000000.00,25078937.00
35000000.00,25114901.00
11000000.00,25116103.00
14000000.00,25187026.00
30000000.00,25199891.00
6000000.00,25244700.00
40000000.00,25268680.00
7000000.00,25269040.00
11000000.00,25307405.00
4500000.00,25344490.00
67000000.00,25357771.00
10000000.00,25358996.00
20000000.00,25361206.00
7300000.00,25397460.00
50000000.00,25426861.00
4000000.00,25448707.00
14500000.00,25480031.00
1800000.00,25504513.00
12000000.00,25514848.00
7000000.00,25532388.00
2500000.00,25533818.00
14000000.00,25608779.00
8000000.00,25621449.00
8300000.00,25670174.00
10000000.00,25697647.00
18000000.00,25727044.00
25000000.00,25732334.00
20000000.00,25732986.00
22000000.00,25842377.00
70000000.00,25852508.00
5000000.00,25861249.00
7400000.00,25863405.00
40000000.00,25863458.00
22000000.00,25873142.00
14000000.00,25873145.00
1800000.00,25878153.00
29000000.00,25899797.00
5000000.00,25913869.00
48000000.00,25928721.00
18000000.00,25941437.00
20000000.00,25943792.00
6000000.00,26004026.00
5000000.00,26010864.00
18900000.00,26063572.00
50000000.00,26097497.00
50000000.00,26121638.00
20000000.00,26146072.00
15000000.00,26170402.00
30000000.00,26184400.00
8000000.00,26199377.00
50000000.00,26199517.00
30000000.00,26214846.00
30000000.00,26323969.00
25000000.00,26341896.00
20000000.00,26348203.00
50000000.00,26387039.00
18000000.00,26400000.00
5000000.00,26517819.00
7000000.00,26533200.00
13000000.00,26570048.00
140000.00,26572439.00
18000000.00,26593580.00
35000000.00,26613620.00
65000000.00,26670920.00
60000000.00,26673242.00
80000000.00,26703184.00
30000000.00,26708196.00
10000000.00,26716191.00
12500000.00,26735797.00
40000000.00,26736665.00
20000000.00,26792700.00
5000000.00,26853810.00
30000000.00,26857459.00
17000000.00,26918576.00
18000000.00,26936265.00
27500000.00,26939925.00
40000000.00,27000381.00
1200000.00,27025600.00
40000000.00,27053815.00
13000000.00,27066941.00
4500000.00,27092880.00
50000000.00,27100030.00
35000000.00,27107960.00
18000000.00,27147349.00
30000000.00,27147991.00
18000000.00,27148898.00
13000000.00,27151490.00
27500000.00,27187653.00
22000000.00,27238354.00
27000000.00,27257061.00
12000000.00,27281507.00
10000000.00,27317872.00
5000000.00,27342246.00
50000000.00,27366288.00
18000000.00,27392196.00
32000000.00,27392609.00
45000000.00,27447471.00
14000000.00,27450453.00
15000000.00,27469621.00
18000000.00,27491653.00
38000000.00,27501814.00
25000000.00,27572844.00
33000000.00,27610873.00
40000000.00,27682712.00
20000000.00,27688744.00
3500000.00,27704111.00
15000000.00,27709625.00
3500000.00,27731527.00
24000000.00,27732366.00
4000000.00,27786849.00
3000000.00,27788649.00
18000000.00,27794339.00
20000000.00,27836366.00
22000000.00,27882226.00
20000000.00,27911453.00
3500000.00,27936778.00
6000000.00,27958191.00
13000000.00,27979399.00
25000000.00,28012862.00
20000000.00,28058652.00
7000000.00,28142379.00
5000000.00,28200000.00
28000000.00,28208085.00
55000000.00,28231444.00
20000000.00,28270399.00
25000000.00,28307092.00
8000000.00,28315272.00
1000000.00,28316211.00
3900000.00,28350000.00
1350000.00,28356188.00
6500000.00,28383441.00
35000000.00,28391473.00
25000000.00,28400715.00
29000000.00,28452945.00
40000000.00,28544120.00
25100000.00,28575778.00
10000000.00,28649556.00
8000000.00,28674417.00
26000000.00,28703083.00
35000000.00,28721408.00
16000000.00,28734552.00
20000000.00,28762690.00
9000000.00,28773637.00
27000000.00,28773827.00
24000000.00,28871190.00
8000000.00,28876702.00
35000000.00,28906817.00
12000000.00,28915761.00
50000000.00,28920188.00
13000000.00,28972187.00
1100000.00,29005064.00
13500000.00,29027914.00
16000000.00,29090445.00
15000000.00,29145924.00
5300000.00,29197694.00
8500000.00,29200000.00
30000000.00,29203383.00
25000000.00,29206732.00
20000000.00,29227561.00
25000000.00,29276904.00
10000000.00,29317886.00
30000000.00,29356757.00
45000000.00,29367143.00
19500000.00,29393634.00
375000.00,29400000.00
45000000.00,29406132.00
10000000.00,29500000.00
38000000.00,29544532.00
25000000.00,29548291.00
12000000.00,29549145.00
7500000.00,29652736.00
80000000.00,29725663.00
47000000.00,29781453.00
24000000.00,29823162.00
11400000.00,29830239.00
20000000.00,29843245.00
25000000.00,29863840.00
20000000.00,29870801.00
35000000.00,29882645.00
35000000.00,29890402.00
18000000.00,29934477.00
8000000.00,29937909.00
32000000.00,29948322.00
114000.00,30000000.00
8250000.00,30022000.00
10000000.00,30050028.00
22000000.00,30051905.00
60000000.00,30063805.00
58000000.00,30118557.00
15000000.00,30138912.00
10000000.00,30143795.00
20000000.00,30163785.00
40000000.00,30199105.00
20500000.00,30241435.00
15000000.00,30261293.00
8500000.00,30298347.00
35000000.00,30307804.00
17000000.00,30331165.00
5000000.00,30332385.00
1500000.00,30351664.00
7000000.00,30360570.00
60000000.00,30396134.00
20000000.00,30399714.00
3000000.00,30438635.00
14000000.00,30443277.00
20000000.00,30491379.00
1650000.00,30500000.00
40000000.00,30576502.00
25530000.00,30593313.00
26000000.00,30601801.00
75000000.00,30626690.00
14000000.00,30628981.00
10000000.00,30629507.00
20000000.00,30703845.00
22500000.00,30719170.00
20000000.00,30808558.00
15000000.00,30857000.00
22500000.00,30864649.00
31000000.00,30885781.00
20000000.00,30894247.00
30000000.00,30962112.00
16000000.00,30987695.00
22000000.00,31013349.00
3400000.00,31063038.00
15000000.00,31070412.00
45000000.00,31077418.00
5000000.00,31149251.00
27500000.00,31157914.00
10000000.00,31164747.00
12000000.00,31222395.00
12000000.00,31286759.00
28000000.00,31320293.00
50000000.00,31333917.00
10700000.00,31341183.00
28000000.00,31390587.00
35000000.00,31393201.00
2700000.00,31517561.00
10000000.00,31556959.00
500000.00,31559560.00
25000000.00,31635150.00
40000000.00,31670620.00
11000000.00,31672000.00
20000000.00,31678778.00
45000000.00,31681811.00
6000000.00,31716953.00
27000000.00,31770413.00
40000000.00,31835600.00
35000000.00,31878891.00
6500000.00,31899000.00
16000000.00,31943401.00
34000000.00,32014993.00
40000000.00,32030610.00
20000000.00,32051917.00
3300000.00,32059295.00
25000000.00,32092761.00
10000000.00,32100816.00
25000000.00,32209741.00
8500000.00,32222567.00
25000000.00,32223424.00
12000000.00,32248241.00
2500000.00,32327255.00
13000000.00,32382381.00
10000000.00,32430721.00
18500000.00,32531759.00
10750000.00,32575443.00
19000000.00,32618920.00
20000000.00,32632668.00
3000000.00,32653000.00
24000000.00,32662299.00
18500000.00,32679264.00
12000000.00,32700439.00
35000000.00,32738814.00
20000000.00,32838945.00
11000000.00,32943247.00
45000000.00,32952995.00
30000000.00,32955399.00
8600000.00,32968648.00
2600000.00,32980880.00
60000000.00,32983332.00
10000000.00,33000000.00
28000000.00,33000377.00
29000000.00,33013805.00
13500000.00,33035736.00
13000000.00,33069303.00
70000000.00,33076815.00
15000000.00,33118854.00
28000000.00,33139618.00
40000000.00,33175076.00
26000000.00,33200000.00
24000000.00,33208099.00
3000000.00,33300000.00
30000000.00,33339868.00
2500000.00,33349941.00
5800000.00,33395426.00
3200000.00,33395426.00
35000000.00,33422485.00
35000000.00,33422806.00
12500000.00,33436931.00
65000000.00,33447612.00
68000000.00,33462011.00
80000000.00,33463969.00
500000.00,33473297.00
3300000.00,33474334.00
35000000.00,33500620.00
15000000.00,33508485.00
10000000.00,33512260.00
10000000.00,33526835.00
7500000.00,33606409.00
5000000.00,33649881.00
26000000.00,33713827.00
2777000.00,33754967.00
22000000.00,33762400.00
35000000.00,33771965.00
10000000.00,33886017.00
18000000.00,33907844.00
4200000.00,33913542.00
20000000.00,33943049.00
18500000.00,33954018.00
60000000.00,33956608.00
3500000.00,34004262.00
75000000.00,34009180.00
14000000.00,34044909.00
55000000.00,34105207.00
3250000.00,34114067.00
13000000.00,34166572.00
4833610.00,34175000.00
10000000.00,34240572.00
26000000.00,34246770.00
15000000.00,34247816.00
50000000.00,34301950.00
19000000.00,34352162.00
10000000.00,34364995.00
10600000.00,34409206.00
40000000.00,34416893.00
6000000.00,34449356.00
20000000.00,34454631.00
35000000.00,34480045.00
15000000.00,34499204.00
600000.00,34505110.00
15000000.00,34533783.00
2500000.00,34557416.00
15000000.00,34562222.00
9000000.00,34572780.00
20000000.00,34600000.00
50000000.00,34645374.00
45000000.00,34668249.00
14000000.00,34700000.00
20000000.00,34718173.00
14000000.00,34729091.00
20000000.00,34787111.00
50000000.00,34806726.00
15000000.00,34820335.00
5000000.00,34872033.00
8000000.00,34873513.00
13000000.00,34916128.00
15000000.00,35007180.00
10000000.00,35073978.00
15000000.00,35106706.00
7250000.00,35122948.00
76000000.00,35129610.00
2000000.00,35185884.00
40000000.00,35195939.00
60000000.00,35319689.00
5000000.00,35341814.00
22000000.00,35409686.00
70000000.00,35417162.00
35000000.00,35426759.00
20000000.00,35450113.00
20000000.00,35472739.00
30000000.00,35579007.00
14000000.00,35579177.00
45000000.00,35627222.00
85000000.00,35681080.00
24000000.00,35792945.00
7000000.00,35795319.00
12000000.00,35830713.00
20000000.00,35841901.00
14000000.00,35856053.00
30000000.00,35869934.00
30000000.00,35891257.00
25000000.00,35990505.00
4000000.00,36000000.00
5000000.00,36000000.00
10000000.00,36000000.00
2500000.00,36028802.00
30000000.00,36040895.00
9000000.00,36049108.00
25000000.00,36054706.00
15000000.00,36068890.00
18000000.00,36133014.00
4400000.00,36145695.00
7000000.00,36146087.00
42000000.00,36197221.00
10000000.00,36230219.00
7500000.00,36238752.00
13000000.00,36262783.00
20000000.00,36265745.00
4000000.00,36275469.00
32000000.00,36299670.00
23000000.00,36374700.00
45000000.00,36404841.00
17500000.00,36521223.00
9000000.00,36535837.00
5500000.00,36665191.00
25000000.00,36682170.00
2250000.00,36690067.00
20000000.00,36720752.00
30000000.00,36722311.00
1200000.00,36741667.00
75000000.00,36751979.00
4600000.00,36751984.00
9700000.00,36787044.00
25000000.00,36833473.00
60000000.00,36850101.00
24000000.00,36856306.00
21000000.00,36882378.00
18000000.00,37048526.00
35000000.00,37066129.00
20000000.00,37226218.00
72000000.00,37306334.00
6200000.00,37339594.00
12000000.00,37400000.00
10000000.00,37402877.00
15000000.00,37466538.00
50000000.00,37472651.00
10000000.00,37493221.00
20000000.00,37537675.00
12000000.00,37584304.00
1000000.00,37600000.00
15000000.00,37659652.00
20000000.00,37672944.00
40000000.00,37750754.00
2700000.00,37799643.00
5900000.00,37831658.00
47000000.00,37923818.00
39000000.00,37956589.00
21000000.00,38017873.00
17000000.00,38028230.00
10000000.00,38067218.00
40000000.00,38087756.00
25000000.00,38112154.00
22700000.00,38119483.00
30000000.00,38122000.00
7000000.00,38158601.00
28000000.00,38159905.00
20000000.00,38164784.00
40000000.00,38172500.00
3000000.00,38236338.00
4000000.00,38251425.00
65000000.00,38253433.00
35200000.00,38283765.00
57000000.00,38329114.00
25000000.00,38351350.00
10000000.00,38364855.00
60000000.00,38389024.00
30000000.00,38462071.00
15000000.00,38512850.00
55000000.00,38564422.00
15000000.00,38574362.00
20000000.00,38585047.00
50000000.00,38590458.00
23000000.00,38684906.00
25000000.00,38718031.00
30000000.00,38747385.00
25000000.00,38749404.00
31500000.00,38771262.00
26000000.00,38788828.00
40000000.00,38899792.00
28000000.00,38959900.00
13000000.00,38976797.00
70000000.00,38992292.00
60000000.00,39006188.00
12000000.00,39012241.00
65000000.00,39017984.00
15000000.00,39100956.00
25000000.00,39126427.00
28000000.00,39134983.00
25000000.00,39217912.00
17000000.00,39233233.00
60000000.00,39235486.00
15000000.00,39238443.00
6000000.00,39241323.00
75000000.00,39251128.00
21000000.00,39319801.00
35000000.00,39340177.00
28000000.00,39360491.00
4300000.00,39374600.00
16500000.00,39380876.00
25000000.00,39393111.00
32000000.00,39498360.00
65000000.00,39499349.00
150000000.00,39549758.00
13300000.00,39686345.00
20000000.00,39686769.00
5000000.00,39723096.00
40000000.00,39753957.00
50000000.00,39778599.00
6000000.00,39846344.00
11000000.00,39984023.00
7500000.00,40016662.00
24000000.00,40020622.00
10000000.00,40055439.00
4000000.00,40103262.00
50000000.00,40119848.00
62000000.00,40123346.00
15000000.00,40127259.00
80000000.00,40147042.00
7000000.00,40157856.00
15000000.00,40283321.00
25000000.00,40287017.00
5000000.00,40311842.00
39000000.00,40319440.00
16000000.00,40363530.00
40000000.00,40435694.00
3500000.00,40454520.00
10000000.00,40485039.00
30000000.00,40520649.00
3500000.00,40527719.00
25000000.00,40686409.00
25000000.00,40796145.00
15000000.00,40862054.00
28000000.00,40966716.00
10000000.00,41004412.00
20000000.00,41015970.00
50000000.00,41042583.00
26000000.00,41059418.00
25000000.00,41076865.00
18000000.00,41148679.00
2200000.00,41158757.00
42000000.00,41267469.00
5500000.00,41268579.00
40000000.00,41294674.00
20000000.00,41296320.00
18000000.00,41300105.00
8000000.00,41334735.00
20000000.00,41342180.00
58000000.00,41348628.00
18000000.00,41382841.00
6900000.00,41410568.00
30000000.00,41457834.00
45000000.00,41467606.00
50000000.00,41476097.00
33000000.00,41495213.00
25000000.00,41560117.00
65000000.00,41636243.00
50000000.00,41642166.00
35000000.00,41666476.00
5000000.00,41699612.00
12000000.00,41744718.00
100000.00,41753881.00
22000000.00,41771168.00
24000000.00,41798224.00
5000000.00,41824066.00
5000000.00,41833347.00
25000000.00,41921590.00
12000000.00,41924774.00
20000000.00,41975388.00
50000000.00,41982227.00
6000000.00,42000000.00
50000000.00,42002029.00
35000000.00,42064105.00
18000000.00,42067430.00
1700000.00,42137871.00
17000000.00,42141196.00
18000000.00,42167286.00
13000000.00,42174545.00
13000000.00,42195766.00
10000000.00,42226657.00
21000000.00,42273609.00
8470000.00,42355526.00
8000000.00,42376425.00
1000000.00,42411721.00
6500000.00,42488161.00
50000000.00,42598498.00
25000000.00,42642077.00
10000000.00,42776032.00
30000000.00,42799060.00
5000000.00,42844516.00
8000000.00,43000000.00
5700000.00,43044087.00
16000000.00,43057552.00
15000000.00,43111725.00
12000000.00,43281552.00
18000000.00,43308707.00
20000000.00,43326383.00
45000000.00,43343247.00
12000000.00,43353117.00
18000000.00,43402515.00
30000000.00,43440721.00
7500000.00,43492389.00
8500000.00,43528634.00
25000000.00,43530281.00
65000000.00,43545364.00
32000000.00,43603990.00
27500000.00,43607627.00
21000000.00,43632609.00
20000000.00,43658157.00
6000000.00,43700000.00
21000000.00,43728560.00
4000000.00,43766463.00
36000000.00,43797731.00
16500000.00,43848100.00
12000000.00,43924923.00
21000000.00,43928932.00
10000000.00,43948865.00
78000000.00,43957541.00
55000000.00,43980363.00
25000000.00,43988888.00
12500000.00,44083403.00
6900000.00,44103982.00
5000000.00,44115496.00
23000000.00,44195779.00
9000000.00,44196684.00
12000000.00,44200000.00
29000000.00,44267641.00
27000000.00,44270131.00
27000000.00,44342956.00
40000000.00,44383030.00
19000000.00,44391156.00
15000000.00,44400000.00
38000000.00,44411527.00
10000000.00,44451470.00
20000000.00,44513466.00
10000000.00,44567606.00
85000000.00,44650003.00
13000000.00,44726644.00
3600000.00,44785053.00
500000.00,44793168.00
5000000.00,44793222.00
20000000.00,44821299.00
25000000.00,44942821.00
40000000.00,44948240.00
25000.00,45000000.00
19000000.00,45005151.00
26000000.00,45043870.00
43000000.00,45095823.00
23000000.00,45121177.00
27000000.00,45160110.00
22000000.00,45273464.00
16000000.00,45284974.00
17000000.00,45312217.00
29000000.00,45336404.00
12500000.00,45557491.00
35000000.00,45680201.00
42000000.00,45688337.00
17000000.00,45707924.00
21000000.00,45785720.00
30000000.00,45892212.00
40000000.00,45916769.00
10000000.00,45921140.00
11000000.00,46060915.00
50000000.00,46112640.00
400000.00,46122713.00
20000000.00,46164361.00
40000000.00,46176322.00
15000000.00,46189568.00
30000000.00,46225326.00
5000000.00,46263525.00
35000000.00,46309644.00
12500000.00,46370970.00
15000000.00,46526243.00
45000000.00,46598133.00
20000000.00,46604054.00
6000000.00,46634275.00
40000000.00,46666955.00
12000000.00,46730578.00
28000000.00,46752858.00
25000000.00,46777347.00
20000000.00,46790428.00
51000000.00,46815807.00
15000000.00,47011449.00
40000000.00,47085064.00
18000000.00,47158652.00
15000000.00,47175038.00
55000000.00,47213095.00
33000000.00,47267829.00
7000000.00,47289758.00
20000000.00,47300771.00
56000000.00,47313824.00
60000000.00,47371191.00
52000000.00,47407635.00
8500000.00,47417251.00
20000000.00,47508505.00
20000000.00,47666013.00
16000000.00,47707417.00
15000000.00,47721314.00
18975000.00,47751015.00
8000000.00,47782426.00
40000000.00,47787943.00
60000000.00,47818913.00
20000000.00,47881663.00
30000000.00,47902566.00
4500000.00,47923795.00
30000000.00,48048527.00
85000000.00,48056764.00
65000000.00,48164150.00
50000000.00,48169156.00
35000000.00,48169910.00
70000000.00,48197252.00
30000000.00,48330757.00
32500000.00,48425971.00
37000000.00,48446802.00
44000000.00,48478084.00
25000000.00,48530887.00
23000000.00,48531242.00
35000000.00,48543388.00
30000000.00,48559999.00
45000000.00,48563556.00
2800000.00,48570885.00
60000000.00,48585416.00
20000000.00,48680977.00
20000000.00,48958353.00
21000000.00,48977233.00
43000000.00,49037621.00
50000000.00,49105766.00
6000000.00,49155371.00
12700000.00,49196532.00
60000000.00,49238525.00
13000000.00,49369899.00
60000000.00,49473093.00
10000000.00,49486874.00
45000000.00,49610898.00
120000000.00,49628177.00
40000000.00,49686263.00
70000000.00,49730854.00
13000000.00,49733545.00
11000000.00,49793054.00
4000000.00,49800000.00
20000000.00,49823037.00
40000000.00,49851591.00
19000000.00,49858465.00
15000000.00,49894223.00
7000000.00,49924079.00
50000000.00,49928680.00
15000000.00,50000000.00
33500000.00,50000000.00
15000000.00,50003303.00
50000000.00,50054511.00
50000000.00,50068310.00
40000000.00,50071069.00
10000000.00,50100000.00
16000000.00,50103808.00
30000000.00,50145607.00
36000000.00,50159144.00
73000000.00,50168294.00
53000000.00,50187789.00
48000000.00,50315140.00
8500000.00,50334418.00
35000000.00,50363790.00
58000000.00,50365498.00
75000000.00,50409753.00
13000000.00,50445860.00
5500000.00,50458356.00
16000000.00,50517763.00
27500000.00,50578411.00
80000000.00,50632037.00
60000000.00,50648806.00
25000000.00,50692188.00
54000000.00,50719373.00
25000000.00,50738810.00
10000000.00,50752337.00
26000000.00,50800000.00
8000000.00,50811858.00
23000000.00,50813834.00
8300000.00,50827466.00
20000000.00,50948811.00
38000000.00,50970660.00
30000000.00,51041856.00
30000000.00,51078541.00
7000000.00,51204567.00
30000000.00,51327406.00
20000000.00,51445503.00
30000000.00,51618420.00
22000000.00,51695362.00
25000000.00,51702929.00
19000000.00,51733921.00
40000000.00,51867723.00
18000000.00,51973029.00
21000000.00,52037603.00
15000000.00,52189039.00
12000000.00,52223306.00
8000000.00,52287414.00
10000000.00,52293000.00
6000000.00,52302978.00
30000000.00,52339566.00
25000000.00,52427346.00
15000000.00,52461017.00
15000000.00,52501541.00
25000000.00,52543354.00
16000000.00,52545707.00
180000000.00,52573132.00
35000000.00,52649951.00
1000000.00,52769915.00
4000000.00,52819253.00
30000000.00,52880016.00
11000000.00,52929168.00
50000000.00,52987754.00
30000000.00,53048539.00
8000000.00,53068955.00
52000000.00,53139168.00
23000000.00,53182088.00
20000000.00,53191101.00
31000000.00,53208180.00
35000000.00,53293628.00
25000000.00,53345287.00
13000000.00,53424681.00
35000000.00,53425292.00
80000000.00,53508858.00
30000000.00,53572822.00
16000000.00,53774833.00
50000000.00,53850527.00
40000000.00,53864342.00
55000000.00,53913573.00
20000000.00,53976987.00
16000000.00,53977250.00
29000000.00,54045832.00
30000000.00,54052249.00
10000000.00,54104225.00
53000000.00,54207112.00
6500000.00,54215416.00
70000000.00,54243125.00
16000000.00,54294169.00
13200000.00,54323210.00
75000000.00,54344321.00
26000000.00,54393637.00
20000000.00,54404202.00
33000000.00,54533774.00
80000000.00,54540662.00
70000000.00,54612337.00
72000000.00,54616869.00
35000000.00,54768418.00
13000000.00,54837234.00
45000000.00,54855235.00
60000000.00,54994757.00
1500000.00,55000000.00
17000000.00,55041738.00
25000000.00,55090374.00
3000000.00,55193251.00
40000000.00,55247881.00
40000000.00,55249159.00
25000000.00,55279608.00
28000000.00,55307857.00
50000000.00,55348693.00
25000000.00,55443032.00
50000000.00,55489826.00
27000000.00,55495466.00
500000.00,55518641.00
15000000.00,55534455.00
20000000.00,55576699.00
7000000.00,55617866.00
15000000.00,55669466.00
20000000.00,55686944.00
40000000.00,55696705.00
22000000.00,55762229.00
1500000.00,55800987.00
45000000.00,55842724.00
37000000.00,55909910.00
15000000.00,55934178.00
20000000.00,55975672.00
25000000.00,56042592.00
50000000.00,56077088.00
12000000.00,56131239.00
11000000.00,56178935.00
6500000.00,56200634.00
42000000.00,56331864.00
20000000.00,56398162.00
65000000.00,56409722.00
25000000.00,56434942.00
42000000.00,56438555.00
19000000.00,56445534.00
25000000.00,56505065.00
16000000.00,56506120.00
7000000.00,56586901.00
13700000.00,56598476.00
50000000.00,56643267.00
60000000.00,56709981.00
11000000.00,56758138.00
20000000.00,56822960.00
35000000.00,56968169.00
12000000.00,57000000.00
7000000.00,57051053.00
13000000.00,57189408.00
18000000.00,57193655.00
27000000.00,57229890.00
50000000.00,57261763.00
17000000.00,57263440.00
4000000.00,57273049.00
20000000.00,57293371.00
13000000.00,57300000.00
45000000.00,57362581.00
5500000.00,57467731.00
11500000.00,57469179.00
18000000.00,57490024.00
22000000.00,57520063.00
12000000.00,57577765.00
15000000.00,57586606.00
60000000.00,57604723.00
38000000.00,57753825.00
36000000.00,57824533.00
42000000.00,57850343.00
15000000.00,57907734.00
38600000.00,57987299.00
16500000.00,58011485.00
57500000.00,58085235.00
30000000.00,58228460.00
25000000.00,58240458.00
3000000.00,58240487.00
40000000.00,58250151.00
80000000.00,58270391.00
38000000.00,58394308.00
35000000.00,58405313.00
40000000.00,58501127.00
65000000.00,58545540.00
19000000.00,58571513.00
45000000.00,58617334.00
37500000.00,58792011.00
23000000.00,58807172.00
6000000.00,58809149.00
40000000.00,58855732.00
10000000.00,58939035.00
70000000.00,58953319.00
5000000.00,58978653.00
15000000.00,59168692.00
25000000.00,59183821.00
58000000.00,59431365.00
32000000.00,59450353.00
45000000.00,59551283.00
1000000.00,59567035.00
20000000.00,59667625.00
9500000.00,59675307.00
550000.00,59754601.00
40000000.00,59795070.00
100000000.00,59918422.00
2500000.00,59922558.00
39000000.00,59950623.00
12000000.00,60000000.00
9400000.00,60000000.00
55000000.00,60209334.00
18000000.00,60217171.00
18000000.00,60264805.00
68000000.00,60265197.00
70000000.00,60279822.00
50000000.00,60282876.00
35000000.00,60376247.00
13000000.00,60414025.00
42000000.00,60437727.00
80000000.00,60507228.00
30000000.00,60512680.00
27000000.00,60527873.00
5000000.00,60611845.00
77600000.00,60680125.00
25000000.00,60694737.00
30000000.00,60772856.00
28000000.00,60780981.00
20000000.00,60831067.00
40000000.00,60862471.00
17500000.00,60865364.00
70000000.00,61031932.00
35000000.00,61173364.00
26000000.00,61308153.00
15000000.00,61400000.00
30000000.00,61449135.00
45000000.00,61475984.00
32000000.00,61477797.00
30000000.00,61623819.00
20000000.00,61680792.00
125000000.00,61681268.00
125000000.00,61698899.00
35000000.00,61721826.00
15000000.00,61788393.00
38000000.00,61894591.00
30000000.00,61950770.00
33000000.00,62020814.00
43000000.00,62063972.00
11000000.00,62076141.00
57000000.00,62097495.00
28000000.00,62108587.00
72000000.00,62176754.00
50000000.00,62209892.00
40000000.00,62226214.00
15000000.00,62401343.00
30000000.00,62432423.00
13000000.00,62452927.00
12000000.00,62500000.00
4000000.00,62546695.00
1000000.00,62561449.00
8000000.00,62599495.00
18000000.00,62646763.00
65000000.00,62761005.00
34800000.00,62831715.00
50000000.00,62967368.00
24000000.00,62989834.00
43000000.00,63078756.00
12000000.00,63118386.00
28000000.00,63129909.00
64000000.00,63200000.00
35000000.00,63211088.00
10000000.00,63320521.00
10000000.00,63354114.00
90000000.00,63356133.00
55000000.00,63408614.00
10000000.00,63465522.00
26000000.00,63489752.00
55000000.00,63537164.00
53000000.00,63657941.00
15000000.00,63706632.00
1150000.00,63777092.00
42000000.00,63781100.00
34000000.00,63802928.00
15000000.00,63954968.00
30000000.00,64170447.00
22000000.00,64171419.00
35000000.00,64188387.00
15000000.00,64232714.00
5000000.00,64240813.00
15000000.00,64252038.00
30000000.00,64352607.00
28000000.00,64474705.00
50000000.00,64477051.00
25000000.00,64594061.00
16000000.00,64733391.00
35000000.00,65063726.00
35000000.00,65084116.00
19000000.00,65090541.00
30000000.00,65121280.00
15000000.00,65261291.00
40000000.00,65282732.00
35000000.00,65303052.00
30000000.00,65343694.00
30000000.00,65390493.00
70000000.00,65409046.00
20000000.00,65454793.00
45000000.00,65532491.00
12000000.00,65532576.00
45000000.00,65595141.00
95000000.00,65700000.00
26000000.00,65705772.00
90000000.00,65716126.00
40000000.00,65754228.00
18000000.00,65842412.00
36000000.00,65967750.00
25000000.00,66015869.00
20000000.00,66143005.00
54000000.00,66520529.00
80000000.00,66554547.00
60000000.00,66655938.00
30000000.00,66742138.00
20000000.00,66776908.00
42000000.00,66787173.00
45000000.00,66790248.00
85000000.00,66941559.00
20000000.00,66950887.00
50000000.00,66961644.00
37000000.00,67029956.00
55000000.00,67130045.00
15000000.00,67182787.00
20000000.00,67192859.00
15000000.00,67215435.00
30000000.00,67255916.00
60000000.00,67312826.00
24000000.00,67348218.00
26000000.00,67647574.00
18000000.00,67683989.00
50000000.00,67823573.00
13000000.00,67867998.00
20000000.00,67950723.00
31000000.00,68079671.00
35000000.00,68170792.00
10000000.00,68220952.00
60000000.00,68336997.00
20000000.00,68349884.00
3000000.00,68452128.00
19000000.00,68467960.00
10000000.00,68541786.00
16000000.00,68582095.00
26000000.00,68613992.00
8500000.00,68695443.00
10500000.00,68700000.00
35000000.00,68712365.00
10000000.00,68722848.00
8000000.00,68838736.00
30000000.00,69057415.00
80000000.00,69131860.00
70000000.00,69157016.00
28000000.00,69290699.00
50000000.00,69411370.00
50000000.00,69425966.00
39000000.00,69538833.00
100000000.00,69548641.00
65000000.00,69688384.00
22000000.00,69698495.00
20500000.00,69701637.00
11000000.00,69752402.00
55000000.00,69759296.00
40000000.00,69807260.00
12800000.00,69821476.00
12500000.00,69826708.00
76000000.00,69845011.00
15000000.00,69847348.00
15000000.00,69995385.00
325000.00,70000000.00
14000000.00,70001698.00
24000000.00,70027933.00
35000000.00,70064800.00
19000000.00,70164105.00
1800000.00,70165900.00
35000000.00,70187088.00
30000000.00,70200000.00
45000000.00,70216497.00
25000000.00,70326393.00
17000000.00,70355813.00
22000000.00,70536870.00
70000000.00,70546865.00
32000000.00,70587268.00
55000000.00,70692101.00
6500000.00,70712099.00
20000000.00,70743839.00
30000000.00,70768144.00
40000000.00,70836296.00
14600000.00,70906973.00
48000000.00,70937778.00
22000000.00,70949793.00
42000000.00,71000000.00
49000000.00,71004627.00
25000000.00,71009334.00
50000000.00,71052604.00
60000000.00,71073932.00
48000000.00,71171825.00
30000000.00,71172251.00
55000000.00,71189835.00
20000000.00,71232214.00
25000000.00,71390601.00
28000000.00,71430876.00
80000000.00,71485043.00
75000000.00,71523271.00
3100000.00,71558971.00
25000000.00,71594792.00
60000000.00,71719931.00
40000000.00,71743823.00
72500000.00,71880305.00
110000000.00,72004159.00
17000000.00,72070955.00
40000000.00,72295262.00
45000000.00,72359917.00
65000000.00,72516819.00
14000000.00,72571864.00
49000000.00,72689126.00
20000000.00,72703462.00
75000000.00,72785169.00
17000000.00,72835710.00
15000000.00,73000000.00
35000000.00,73026302.00
13000000.00,73180297.00
20000000.00,73206343.00
42000000.00,73239258.00
15000000.00,73326666.00
28000000.00,73421224.00
75000000.00,73521587.00
18000000.00,73695194.00
13000000.00,73798720.00
27000000.00,73826768.00
38000000.00,73956241.00
20000000.00,73964713.00
3000000.00,73975239.00
11000000.00,74056184.00
85000000.00,74132631.00
40000000.00,74156610.00
20000000.00,74180745.00
21500000.00,74326015.00
12000000.00,74433837.00
55000000.00,74545591.00
5600000.00,74566042.00
65000000.00,74575290.00
12000000.00,74727492.00
30000000.00,74787599.00
55000000.00,74870866.00
35000000.00,75281179.00
40000000.00,75389090.00
55000000.00,75466595.00
40000000.00,75505856.00
14000000.00,75525718.00
68000000.00,75685268.00
8500000.00,75740479.00
26000000.00,75763814.00
11000000.00,75803716.00
52000000.00,75835124.00
45000000.00,75854588.00
33000000.00,75909673.00
60000000.00,75965567.00
19000000.00,76086711.00
50000000.00,76119388.00
8000000.00,76200721.00
30000000.00,76235001.00
25000000.00,76270454.00
42500000.00,76347393.00
138000000.00,76416746.00
110000000.00,76482461.00
8000000.00,76657000.00
45000000.00,76665507.00
45000000.00,76904429.00
15000000.00,76954311.00
12000000.00,77063461.00
18000000.00,77147031.00
25000000.00,77208711.00
35000000.00,77220596.00
68000000.00,77224232.00
22000000.00,77229695.00
35000000.00,77392139.00
28000000.00,77477297.00
15000000.00,77514401.00
48000000.00,77562568.00
32000000.00,77593167.00
115000000.00,77628265.00
18000000.00,77635035.00
75000000.00,77636443.00
23000000.00,77735925.00
6400000.00,78019031.00
15000000.00,78054825.00
60000000.00,78080697.00
10000000.00,78096553.00
16000000.00,78208812.00
40000000.00,78269970.00
85000000.00,78353508.00
11000000.00,78356170.00
60000000.00,78481410.00
30000000.00,78571737.00
20000000.00,78613981.00
29000000.00,78652395.00
25000000.00,78656813.00
10000000.00,78693371.00
24000000.00,78714211.00
20000000.00,78769428.00
2000000.00,78900000.00
85000000.00,78948765.00
130000000.00,79076678.00
20000000.00,79114085.00
4000000.00,79250193.00
5000000.00,79282312.00
55000000.00,79312301.00
6400000.00,79384539.00
45000000.00,79564960.00
12000000.00,79817937.00
32000000.00,79915361.00
33000000.00,79958599.00
13500000.00,80000000.00
8200000.00,80000000.00
43000000.00,80013623.00
23000000.00,80171596.00
18000000.00,80227619.00
30000000.00,80276156.00
50000000.00,80369970.00
58000000.00,80480566.00
22000000.00,80491516.00
9000000.00,80500000.00
50000000.00,80583311.00
45000000.00,80594860.00
27000000.00,80681183.00
60000000.00,80767884.00
85000000.00,80831893.00
60000000.00,81079566.00
39000000.00,81150788.00
2000000.00,81197047.00
4500000.00,81198894.00
11000000.00,81204830.00
25000000.00,81249176.00
31500000.00,81250488.00
26000000.00,81275291.00
20000000.00,81424988.00
21000000.00,81452811.00
20000000.00,81461343.00
30000000.00,81529000.00
3500000.00,81600000.00
30000000.00,81613606.00
16000000.00,81742618.00
9000000.00,81831866.00
35000000.00,81967450.00
12300000.00,81972846.00
8000000.00,82000000.00
100000000.00,82145379.00
30000000.00,82148538.00
60000000.00,82150183.00
25000000.00,82150642.00
28000000.00,82183683.00
4800000.00,82241110.00
32000000.00,82332450.00
32000000.00,82339483.00
30000000.00,82409520.00
12000000.00,82497035.00
50000000.00,82751189.00
60000000.00,82812456.00
14000000.00,82925064.00
8000000.00,82955633.00
25000000.00,82991460.00
50000000.00,83034523.00
9000000.00,83051676.00
85000000.00,83080084.00
11000000.00,83088295.00
35000000.00,83109359.00
35000000.00,83226569.00
30000000.00,83282296.00
50000000.00,83306268.00
2280000.00,83320000.00
3500000.00,83453539.00
5500000.00,83529758.00
24000000.00,83531958.00
10000000.00,83593107.00
24000000.00,83660160.00
16500000.00,83792062.00
42000000.00,83833602.00
60000000.00,84154026.00
35000000.00,84606030.00
30000000.00,84646831.00
12000000.00,84970337.00
137000000.00,85131830.00
20000000.00,85146165.00
11000000.00,85278712.00
10000000.00,85300000.00
36000000.00,85315070.00
12000000.00,85512300.00
24000000.00,85527867.00
75000000.00,85632458.00
35000000.00,85761789.00
35000000.00,85911226.00
5700000.00,86051320.00
2800000.00,86300000.00
25500000.00,86301599.00
5000000.00,86362372.00
72500000.00,86509602.00
48000000.00,86607223.00
35000000.00,86648359.00
24000000.00,86765463.00
40000000.00,86778557.00
80000000.00,86787530.00
69000000.00,86796502.00
20000000.00,86858578.00
23000000.00,86930411.00
18000000.00,87000000.00
16000000.00,87041569.00
38000000.00,87098466.00
58000000.00,87100000.00
60000000.00,87123569.00
40000000.00,87145086.00
68000000.00,87173475.00
9400000.00,87226613.00
4000000.00,87400000.00
90000000.00,87420776.00
55000000.00,87524497.00
109000000.00,87683966.00
3000000.00,87727807.00
40000000.00,87949859.00
30000000.00,87956618.00
15000000.00,87973835.00
40000000.00,88069880.00
50000000.00,88316835.00
15500000.00,88611837.00
95000000.00,88725100.00
60000000.00,88832210.00
70000000.00,88933562.00
32000000.00,88978458.00
35000000.00,89102315.00
12000000.00,89309178.00
32000000.00,89441732.00
25000000.00,89476265.00
75000000.00,89758389.00
50000000.00,89895930.00
30000000.00,89955540.00
35000000.00,90221182.00
48000000.00,90376224.00
10000000.00,90384306.00
26000000.00,90396664.00
100000000.00,90420758.00
10000000.00,90453550.00
60000000.00,90482317.00
17500000.00,90508336.00
45000000.00,90523726.00
55000000.00,90552675.00
23000000.00,90614445.00
40000000.00,90717684.00
60000000.00,90723216.00
8000000.00,90815558.00
77500000.00,90905178.00
25000000.00,91036760.00
40000000.00,91126600.00
3000000.00,91266581.00
45000000.00,91342494.00
30000000.00,91388487.00
40000000.00,91455875.00
18000000.00,91651878.00
42000000.00,91678442.00
40000000.00,91729503.00
100000000.00,91800000.00
28000000.00,91943956.00
10000000.00,92094360.00
40000000.00,92111551.00
20000000.00,92217729.00
40000000.00,92256918.00
18000000.00,92357499.00
30000000.00,92494381.00
22000000.00,92542418.00
12000000.00,92618117.00
17000000.00,92670237.00
20000000.00,92678948.00
50000000.00,92690959.00
12000000.00,92863945.00
18000000.00,92935067.00
16000000.00,92961960.00
21500000.00,92987651.00
10000000.00,93074616.00
120000000.00,93394462.00
27000000.00,93469699.00
15000000.00,93589701.00
13500000.00,93631744.00
58000000.00,93672764.00
20000000.00,93931360.00
28000000.00,94050951.00
30000000.00,94207861.00
45000000.00,94215000.00
22000000.00,94270488.00
28000000.00,94500826.00
50000000.00,94704227.00
28000000.00,94728529.00
38000000.00,94763758.00
32000000.00,94875000.00
95000000.00,94894448.00
75000000.00,94944017.00
70000000.00,94973540.00
17000000.00,95092667.00
35000000.00,95104304.00
100000000.00,95255485.00
60000000.00,95538560.00
75000000.00,95572749.00
13000000.00,95638592.00
22000000.00,95708457.00
12000000.00,95800000.00
35000000.00,95825125.00
30000000.00,95857262.00
40000000.00,95989590.00
82000000.00,96024898.00
37000000.00,96068724.00
35000000.00,96096018.00
20000000.00,96147688.00
80000000.00,96148711.00
100000000.00,96221971.00
40000000.00,96398826.00
30000000.00,96439723.00
50000000.00,96469187.00
25000000.00,96633833.00
26000000.00,96666486.00
27500000.00,96673002.00
27000000.00,96900000.00
72000000.00,96947540.00
85000000.00,96971293.00
25000000.00,97030468.00
37000000.00,97143987.00
75000000.00,97387965.00
29000000.00,97413527.00
40000000.00,97470701.00
100000000.00,97523020.00
28000000.00,97531134.00
7000000.00,97600000.00
50000000.00,97651543.00
52000000.00,97709034.00
17000000.00,97778356.00
35000000.00,97799865.00
11000000.00,97837138.00
20000000.00,98114471.00
100000000.00,98227017.00
38000000.00,98230839.00
18000000.00,98267558.00
80000000.00,98341932.00
25000000.00,98406855.00
5000000.00,98595211.00
55000000.00,98699769.00
7000000.00,98754000.00
15000000.00,98800000.00
60000000.00,98819789.00
53000000.00,98837872.00
12000000.00,98963392.00
80000000.00,98983590.00
80000000.00,99010667.00
13000000.00,99034125.00
100000000.00,99123656.00
17500000.00,99135571.00
32000000.00,99296462.00
35000000.00,99423000.00
37000000.00,99595932.00
200000.00,99750000.00
60000000.00,99823958.00
1500000.00,99870886.00
11500000.00,99930262.00
60000000.00,100230832.00
5000000.00,100486616.00
41000000.00,100622586.00
8000000.00,100642353.00
60000000.00,100645801.00
31000000.00,100655892.00
58000000.00,100687083.00
46000000.00,100833145.00
65000000.00,100851897.00
12000000.00,100919111.00
58000000.00,100993260.00
60000000.00,101134059.00
40000000.00,101162106.00
7303082.00,101173038.00
24000000.00,101363301.00
80000000.00,101371017.00
28000000.00,101379287.00
60000000.00,101382396.00
19000000.00,101564935.00
64000000.00,101636047.00
1000000.00,101759490.00
37000000.00,101857425.00
25000000.00,101937062.00
20000000.00,102034104.00
28000000.00,102053581.00
35000000.00,102115888.00
36000000.00,102226631.00
23600000.00,102236596.00
6000000.00,102300000.00
6000000.00,102308900.00
39000000.00,102332135.00
60000000.00,102332848.00
26000000.00,102404019.00
30000000.00,102716321.00
45000000.00,102746214.00
47000000.00,102825796.00
14000000.00,102836002.00
18000000.00,102912961.00
25000000.00,102992536.00
12000000.00,103028188.00
100000000.00,103039258.00
18000000.00,103215094.00
30000000.00,103284813.00
40000000.00,103429755.00
28000000.00,103452875.00
5000000.00,103683342.00
70000000.00,103735965.00
35000000.00,103787401.00
1200000.00,103880027.00
73000000.00,103891409.00
60000000.00,104100903.00
65000000.00,104267443.00
30000000.00,104283753.00
60000000.00,104324083.00
57000000.00,104364680.00
40000000.00,104407366.00
60000000.00,104429625.00
50000000.00,104488383.00
16000000.00,104504817.00
45000000.00,104505362.00
95000000.00,104907746.00
49000000.00,105002056.00
88000000.00,105021488.00
50000000.00,105103783.00
28000000.00,105159085.00
30000000.00,105173042.00
50000000.00,105246941.00
80000000.00,105299638.00
75000000.00,105445109.00
38000000.00,105887837.00
40000000.00,105945357.00
90000000.00,106000000.00
30000000.00,106030660.00
31000000.00,106282604.00
40000000.00,106511453.00
80000000.00,106515310.00
40000000.00,106548738.00
7500000.00,106593296.00
30000000.00,107054484.00
53012938.00,107190108.00
120000000.00,107212751.00
12000000.00,107217396.00
38000000.00,107597242.00
48000000.00,107752036.00
62000000.00,107822813.00
9000000.00,107967319.00
78000000.00,108086731.00
60000000.00,108119662.00
54000000.00,108185706.00
5000000.00,108286422.00
80000000.00,108469033.00
35000000.00,108758521.00
4400000.00,108981275.00
60000000.00,108996113.00
18500000.00,109175673.00
5000000.00,109273197.00
72500000.00,109362966.00
13000000.00,109421911.00
4000000.00,109492484.00
17000000.00,109793192.00
17500000.00,109843390.00
53000000.00,109848461.00
20000000.00,109862682.00
55000000.00,110387072.00
52000000.00,110400000.00
22000000.00,110521733.00
95000000.00,110623265.00
38000000.00,110678636.00
12000000.00,110989157.00
50000000.00,111300835.00
20000000.00,111448997.00
9000000.00,111534881.00
9500000.00,111600000.00
35000000.00,111854182.00
11000000.00,111859493.00
60000000.00,111946251.00
45000000.00,112006296.00
23000000.00,112036870.00
47500000.00,112214531.00
48000000.00,112610386.00
25000000.00,112798051.00
28000000.00,112914167.00
32500000.00,112964875.00
50000000.00,113309743.00
80000000.00,113325743.00
35000000.00,113354449.00
12000000.00,113373764.00
46000000.00,113402302.00
45000000.00,113417762.00
85000000.00,113487912.00
68000000.00,113542091.00
156000000.00,113611666.00
46000000.00,113622499.00
55000000.00,113805580.00
45000000.00,113916474.00
25000000.00,114576403.00
70000000.00,114658262.00
30000000.00,114770654.00
40000000.00,114830111.00
35000000.00,114962525.00
85000000.00,114979922.00
30250000.00,115021008.00
25000000.00,115036108.00
30000000.00,115121608.00
30000000.00,115150424.00
14000000.00,115592104.00
7200000.00,116000000.00
30000000.00,116025023.00
17000000.00,116044347.00
35000000.00,116177695.00
70000000.00,116625798.00
47000000.00,116773317.00
38000000.00,116809717.00
32000000.00,116898028.00
4000000.00,117085297.00
50000000.00,117211892.00
36000000.00,117448157.00
38000000.00,117523786.00
45000000.00,117615211.00
35000000.00,117729621.00
70000000.00,117800000.00
40000000.00,118097882.00
10800000.00,118209778.00
20000000.00,118537627.00
67500000.00,118556530.00
10000000.00,118557124.00
51000000.00,118583844.00
50000000.00,118729073.00
13000000.00,118888025.00
50000000.00,119114494.00
50000000.00,119180938.00
25000000.00,119295584.00
2600000.00,119500000.00
75000000.00,119512771.00
40000000.00,119627047.00
80000000.00,119668350.00
38000000.00,119721296.00
16000000.00,119739110.00
25000000.00,119923801.00
38000000.00,120000000.00
90000000.00,120100000.00
15000000.00,120192350.00
40000000.00,120455994.00
10000000.00,120678444.00
25000000.00,120832383.00
37500000.00,120925697.00
40000000.00,121032272.00
100000000.00,121100000.00
60000000.00,121327628.00
145000000.00,121671925.00
10700000.00,121706019.00
45000000.00,122071435.00
55000000.00,122079192.00
20000000.00,122133227.00
35000000.00,122213085.00
13000000.00,122244329.00
65000000.00,122519874.00
30000000.00,122529966.00
15000000.00,123327692.00
12000000.00,123681790.00
25000000.00,123696741.00
14500000.00,123709460.00
150000000.00,123888320.00
13000000.00,123922370.00
70000000.00,123954323.00
48000000.00,124304264.00
60000000.00,124514011.00
60000000.00,124715863.00
40000000.00,124823094.00
40000000.00,124827316.00
3000000.00,124900000.00
50000000.00,125168734.00
14000000.00,125212904.00
17000000.00,125250091.00
25000000.00,125339088.00
60000000.00,126037057.00
40000000.00,126069509.00
35000000.00,126204977.00
55000000.00,126425115.00
32000000.00,126539117.00
28000000.00,126549607.00
40000000.00,126646119.00
50200000.00,126931325.00
40000000.00,127234389.00
75000000.00,127361412.00
62000000.00,127630030.00
22000000.00,127767889.00
110000000.00,127983283.00
45000000.00,127990741.00
100000000.00,128131571.00
16000000.00,128256712.00
50000000.00,128402901.00
65000000.00,128468793.00
25000000.00,128745578.00
40000000.00,128792135.00
65000000.00,128874043.00
40000000.00,128884494.00
15000000.00,128885873.00
15000000.00,128955898.00
55000000.00,129075270.00
11000000.00,129262388.00
30000000.00,129779728.00
60000000.00,129832389.00
50000000.00,130214162.00
54000000.00,130402010.00
80000000.00,130580730.00
102000000.00,130673154.00
27000000.00,130759651.00
42000000.00,130788243.00
18000000.00,130953026.00
60000000.00,130968579.00
70000000.00,131011757.00
42000000.00,131052444.00
80000000.00,131159306.00
53000000.00,131159781.00
80000000.00,131234406.00
45000000.00,131237688.00
22500000.00,131263370.00
60000000.00,131377412.00
70000000.00,131445884.00
75000000.00,131492772.00
20000000.00,131945303.00
20000000.00,132121212.00
65000000.00,132397389.00
40000000.00,132440066.00
61000000.00,132493015.00
113500000.00,132999811.00
24000000.00,133000000.00
30000000.00,133085295.00
28000000.00,133162752.00
3400000.00,133276359.00
140000000.00,133553464.00
63700000.00,133603463.00
17000000.00,133735284.00
109000000.00,133818283.00
30000000.00,133946923.00
52500000.00,134612435.00
10000000.00,134639780.00
16500000.00,134993774.00
60000000.00,135015330.00
10000000.00,135759694.00
45000000.00,135808837.00
80000000.00,136047317.00
40000000.00,136123083.00
55000000.00,136143605.00
30000000.00,136706683.00
17000000.00,136890774.00
45000000.00,136998907.00
70000000.00,137022245.00
40000000.00,137047376.00
84000000.00,137162560.00
85000000.00,137298489.00
70000000.00,137431619.00
67500000.00,137489730.00
60000000.00,137551594.00
65000000.00,137768975.00
6000000.00,137963328.00
25000000.00,137984788.00
35000000.00,139000000.00
28000000.00,139109346.00
34000000.00,139359078.00
40000000.00,139474906.00
14000000.00,139700000.00
100000000.00,139716717.00
53000000.00,139801290.00
65000000.00,139840525.00
90000000.00,139877913.00
777000.00,140000000.00
175000000.00,140012608.00
20000000.00,140122225.00
19000000.00,140428314.00
32000000.00,140428499.00
1200000.00,140556781.00
5000000.00,140619520.00
120000000.00,140845191.00
28000000.00,140894685.00
90000000.00,140900000.00
35000000.00,140949327.00
45000000.00,141189101.00
9000000.00,141200000.00
65000000.00,141205169.00
23000000.00,141247413.00
75000000.00,141267370.00
80000000.00,141475336.00
40000000.00,141484812.00
3000000.00,141600000.00
18000000.00,141809235.00
25000000.00,142033509.00
30000000.00,142051255.00
150000000.00,142634358.00
80000000.00,142783718.00
90000000.00,143049560.00
82500000.00,143985708.00
50000000.00,144110682.00
18000000.00,144529078.00
40000000.00,145238250.00
100000000.00,145395745.00
62000000.00,145443360.00
61000000.00,145594548.00
12000000.00,145712897.00
45000000.00,146162920.00
50000000.00,146195159.00
40000000.00,146300356.00
22000000.00,146590987.00
35000000.00,146595891.00
26000000.00,146850273.00
80000000.00,147080413.00
50000000.00,147142328.00
14500000.00,147542381.00
60000000.00,147985373.00
15000000.00,148095566.00
11000000.00,148168459.00
65000000.00,148345997.00
17500000.00,148586910.00
86000000.00,148715342.00
5000000.00,148868835.00
55000000.00,149022650.00
57000000.00,149217355.00
25000000.00,149228078.00
51000000.00,149270999.00
60000000.00,149705852.00
85000000.00,149717124.00
40000000.00,149804632.00
46000000.00,150000000.00
20000000.00,150350000.00
85000000.00,150422946.00
110000000.00,150468000.00
79000000.00,150519217.00
70000000.00,150562164.00
40000000.00,150886329.00
48000000.00,151463090.00
23000000.00,151496097.00
18000000.00,151668774.00
175000000.00,151716815.00
55000000.00,151947179.00
50000000.00,152022333.00
32000000.00,152036382.00
40000000.00,152266007.00
55000000.00,152269033.00
110000000.00,152364370.00
60000000.00,152457863.00
25000000.00,152500343.00
37000000.00,152566881.00
30000000.00,152627960.00
5000000.00,152925093.00
57000000.00,153007424.00
40000000.00,153060045.00
55000000.00,153535982.00
20000000.00,153698625.00
25000000.00,153733800.00
55000000.00,154017885.00
140000000.00,154110769.00
20000000.00,154218168.00
54000000.00,154338601.00
65000000.00,154362963.00
40000000.00,155011165.00
14000000.00,155056263.00
45000000.00,155200000.00
27000000.00,155564919.00
75000000.00,155708695.00
90000000.00,155750628.00
30000000.00,155769678.00
45000000.00,155931301.00
42000000.00,156167015.00
24000000.00,156229050.00
50000000.00,156399644.00
40000000.00,156553592.00
50000000.00,156602194.00
70000000.00,156815529.00
30000000.00,156822020.00
36000000.00,156835197.00
65000000.00,156974557.00
90000000.00,157092943.00
60000000.00,157670733.00
85000000.00,157794205.00
135000000.00,157956466.00
10000000.00,158185073.00
55000000.00,158500000.00
40000000.00,158527918.00
40000000.00,158701644.00
70000000.00,158702748.00
80000000.00,158750817.00
58000000.00,158905324.00
80000000.00,158908290.00
80000000.00,158926474.00
14400000.00,159157447.00
60000000.00,159356941.00
55000000.00,159387195.00
5500000.00,159616327.00
95000000.00,159691085.00
50000000.00,159745279.00
90000000.00,159762983.00
35000000.00,159846429.00
36000000.00,160000000.00
60000000.00,160038407.00
30000000.00,160247805.00
70000000.00,160379930.00
82500000.00,160388063.00
30000000.00,160502573.00
31000000.00,160558438.00
46000000.00,160648493.00
60000000.00,160700000.00
26000000.00,160822438.00
15000000.00,160903019.00
45000000.00,160971922.00
85000000.00,161510853.00
50000000.00,161626121.00
7000000.00,161800000.00
40000000.00,161838076.00
5000000.00,161921515.00
50000000.00,161941727.00
40000000.00,162610473.00
47000000.00,162738726.00
90000000.00,162753837.00
60000000.00,162778384.00
30000000.00,162838373.00
92500000.00,162839667.00
73000000.00,162870525.00
120000000.00,163018913.00
45000000.00,163126676.00
65000000.00,163295654.00
65000000.00,163527824.00
30000000.00,163644662.00
135000000.00,163818556.00
55000000.00,163838217.00
10000000.00,163876815.00
25000000.00,164051250.00
60000000.00,164285587.00
31000000.00,164350409.00
45000000.00,164539660.00
20000000.00,164675402.00
80000000.00,164800000.00
60000000.00,165048228.00
35000000.00,165103952.00
115000000.00,165149302.00
80000000.00,165173909.00
30000000.00,165334774.00
33000000.00,165552290.00
44000000.00,165600852.00
30000000.00,165889117.00
60000000.00,165890634.00
90000000.00,165900000.00
120000000.00,166000000.00
84000000.00,166307945.00
54000000.00,166617328.00
30000000.00,166842739.00
40000000.00,166893990.00
120000000.00,167117548.00
155000000.00,167297191.00
15000000.00,167780960.00
30000000.00,167791704.00
40000000.00,167851995.00
110000000.00,167918847.00
37000000.00,168167798.00
80000000.00,168311558.00
29000000.00,168841459.00
30000000.00,169173206.00
100000000.00,169296573.00
90000000.00,169400000.00
95000000.00,169511609.00
40000000.00,169590606.00
60000000.00,169740988.00
17500000.00,169955142.00
60000000.00,170200225.00
45000000.00,170327930.00
30000000.00,170466405.00
7000000.00,170549753.00
80000000.00,170805525.00
100000000.00,170936470.00
50000000.00,171269535.00
25000000.00,171302226.00
100000000.00,171377916.00
110000000.00,171484051.00
20000000.00,171685793.00
50000000.00,172185754.00
60000000.00,172450423.00
70000000.00,172543519.00
65000000.00,172825854.00
42000000.00,173044410.00
15000000.00,173046663.00
33000000.00,173559438.00
37000000.00,173567581.00
85000000.00,173613482.00
70000000.00,174102281.00
175000000.00,174131329.00
10350000.00,174201661.00
55000000.00,174463257.00
45000000.00,174810815.00
35000000.00,175361578.00
20000000.00,175507800.00
22000000.00,175516617.00
163000000.00,175910315.00
72000000.00,176101721.00
60000000.00,176262839.00
55000000.00,176469428.00
30000000.00,176885658.00
13900000.00,177012173.00
30000000.00,177025498.00
15000000.00,177200000.00
110000000.00,177241171.00
26000000.00,177344230.00
3000000.00,177512032.00
17000000.00,177535958.00
40000000.00,177835231.00
80000000.00,177993801.00
80000000.00,178066569.00
45000000.00,178100000.00
115000000.00,178200000.00
40000000.00,178710620.00
50000000.00,178890782.00
53000000.00,179209685.00
78000000.00,179265204.00
149000000.00,179357126.00
180000000.00,180047784.00
65000000.00,180148897.00
80000000.00,180188905.00
20000000.00,181025343.00
80000000.00,181038616.00
40000000.00,181053657.00
25000000.00,181185387.00
20000000.00,181457297.00
30000000.00,181489203.00
160000000.00,181674817.00
179000000.00,181982519.00
35000000.00,182291969.00
38000000.00,182365114.00
80000000.00,182782518.00
20000000.00,183097323.00
97000000.00,183124621.00
17000000.00,183316455.00
80000000.00,183354514.00
138000000.00,184068357.00
30000000.00,184075552.00
1488000.00,184925485.00
14000000.00,185400000.00
85000000.00,185708462.00
50000000.00,185798265.00
26000000.00,185904750.00
90000000.00,186049020.00
50000000.00,186450317.00
60000000.00,186883563.00
10000000.00,187281115.00
40000000.00,187384627.00
27500000.00,187500000.00
29000000.00,187707495.00
45000000.00,187995859.00
91000000.00,188536838.00
63000000.00,188657593.00
58000000.00,188715611.00
66000000.00,189176423.00
55000000.00,189624452.00
22000000.00,189800000.00
25000000.00,189922583.00
23000000.00,190191646.00
40000000.00,190212113.00
82000000.00,190320568.00
90000000.00,191091250.00
40000000.00,191200000.00
90000000.00,191200000.00
30000000.00,191502246.00
85000000.00,191932158.00
55000000.00,192903624.00
68000000.00,193500000.00
36000000.00,193737977.00
60000000.00,193857962.00
60000000.00,194058503.00
66000000.00,194169619.00
450000.00,194183034.00
150000000.00,194995215.00
40000000.00,195111193.00
28000000.00,195300000.00
56000000.00,195660942.00
48000000.00,196308367.00
75000000.00,196320329.00
60000000.00,196439693.00
55000000.00,196565669.00
40000000.00,197232734.00
60000000.00,197242826.00
30000000.00,197593152.00
30000000.00,197618160.00
195000000.00,197687603.00
35000000.00,197692062.00
56000000.00,198006880.00
55000000.00,198750909.00
60000000.00,199043309.00
30000000.00,200500000.00
60000000.00,200700000.00
90000000.00,200859554.00
26000000.00,201324422.00
7000000.00,201463574.00
13500000.00,202000000.00
26000000.00,202000000.00
28000000.00,202043881.00
5000000.00,202053386.00
50000000.00,202173000.00
70000000.00,202726605.00
42000000.00,202812429.00
90000000.00,202910991.00
140000000.00,203018919.00
75000000.00,203035572.00
47000000.00,203178872.00
50000000.00,203502372.00
35000000.00,203555567.00
9000000.00,203630630.00
90000000.00,203877963.00
90000000.00,203902107.00
80000000.00,204774690.00
85000000.00,205190324.00
38000000.00,205298907.00
34000000.00,205312666.00
40000000.00,205400000.00
150000000.00,205440387.00
20000000.00,205445075.00
52000000.00,205727307.00
78000000.00,206455420.00
38000000.00,206512310.00
60000000.00,206598789.00
70000000.00,207068340.00
70000000.00,207154748.00
170000000.00,207283457.00
62000000.00,207500000.00
17000000.00,207765056.00
50000000.00,208094550.00
48000000.00,208300000.00
110000000.00,208370892.00
85000000.00,208542162.00
20000000.00,208900376.00
72000000.00,209045522.00
100000000.00,209461378.00
80000000.00,210253368.00
31000000.00,210300000.00
75000000.00,211562435.00
66000000.00,211700000.00
65000000.00,211739043.00
125000000.00,211856088.00
100000000.00,212026975.00
55000000.00,212200000.00
102500000.00,212282709.00
30000000.00,212400000.00
35000000.00,212417601.00
30000000.00,212453431.00
135000000.00,212912137.00
8000000.00,212928762.00
100000000.00,212956024.00
25000000.00,213120004.00
45000000.00,213420951.00
70000000.00,213463976.00
75000000.00,213500000.00
15000000.00,213514672.00
60000000.00,214357371.00
55000000.00,214392904.00
50000000.00,214949716.00
80000000.00,214974953.00
130000000.00,215080810.00
110000000.00,215300000.00
19000000.00,215448997.00
40000000.00,215862692.00
15000000.00,216600000.00
68000000.00,217022588.00
50000000.00,217196811.00
60000000.00,217370736.00
52000000.00,217569328.00
60000000.00,217670152.00
160000000.00,217986320.00
35000000.00,218535708.00
60000000.00,218613188.00
75000000.00,218673959.00
110000000.00,218853353.00
27500000.00,219265952.00
200000000.00,219535492.00
75000000.00,219572877.00
32000000.00,220236410.00
70000000.00,220241723.00
55000000.00,220648184.00
6000000.00,221148959.00
175000000.00,221229335.00
80000000.00,221468935.00
75000000.00,221594911.00
65000000.00,221662676.00
50000000.00,222383055.00
95000000.00,223050874.00
50000000.00,223564608.00
82500000.00,223636949.00
80000000.00,224117573.00
85000000.00,224614744.00
40000000.00,224922135.00
1000000.00,225000000.00
10000000.00,225933435.00
152000000.00,225986078.00
50000000.00,225990976.00
80000000.00,226739416.00
25000000.00,226941585.00
44500000.00,227140757.00
120000000.00,227200000.00
15000000.00,227773686.00
42000000.00,227793915.00
30000000.00,228641283.00
144000000.00,229034050.00
110000000.00,229155503.00
25000000.00,229518131.00
120000000.00,229545589.00
43000000.00,229727774.00
7000000.00,231450102.00
35000000.00,231711151.00
30000000.00,231928227.00
112000000.00,232017848.00
103300000.00,232643008.00
80000000.00,233066978.00
65000000.00,233125712.00
65000000.00,233700000.00
100000000.00,234400000.00
12000000.00,234723148.00
25000000.00,234981342.00
90000000.00,235900000.00
150000000.00,235907054.00
76000000.00,236410607.00
21000000.00,236412453.00
33000000.00,236500000.00
50000000.00,236799211.00
100000000.00,236827677.00
82500000.00,237685089.00
24000000.00,237814327.00
50000000.00,238059569.00
150000000.00,238202668.00
125000000.00,238317814.00
60000000.00,238552082.00
50000000.00,238757137.00
65000000.00,238940997.00
90000000.00,239373970.00
16400000.00,239500000.00
14000000.00,239606210.00
70000000.00,239814025.00
125000000.00,240497948.00
80000000.00,241200000.00
4500000.00,242895809.00
120000000.00,242981799.00
45000000.00,243180937.00
100000000.00,243388614.00
40000000.00,244088654.00
90000000.00,244126300.00
137000000.00,245229234.00
35000000.00,245300000.00
135000000.00,245504574.00
135000000.00,245623848.00
41000000.00,245768384.00
80000000.00,245800000.00
30000000.00,246100000.00
16000000.00,246400000.00
80000000.00,247023808.00
16000000.00,247474497.00
60000000.00,247812011.00
45000000.00,247950247.00
73243106.00,248099143.00
48000000.00,248218486.00
600000.00,248300000.00
100000000.00,249488115.00
90000000.00,249520430.00
80000000.00,250200000.00
99000000.00,250474038.00
85000000.00,250649836.00
70000000.00,250700000.00
65000000.00,250800000.00
5000000.00,251359904.00
130000000.00,251499665.00
60000000.00,252091016.00
35000000.00,252276928.00
60000000.00,253555383.00
65000000.00,255000000.00
180000000.00,256585882.00
6500000.00,256873813.00
71682975.00,257641634.00
50000000.00,257805243.00
40000000.00,257878294.00
3500000.00,257938649.00
50000000.00,257972745.00
31000000.00,258210860.00
117000000.00,258751370.00
55000000.00,259541430.00
90000000.00,259736090.00
275000000.00,260002115.00
80000000.00,260700012.00
65000000.00,261400000.00
18000000.00,261443242.00
65000000.00,262758310.00
100000000.00,262794441.00
137500000.00,263417913.00
2900000.00,263591415.00
110000000.00,263880341.00
50000000.00,263894551.00
95000000.00,263900000.00
60000000.00,264118201.00
175000000.00,264246220.00
80000000.00,266685242.00
80000000.00,266824291.00
70000000.00,267200000.00
37000000.00,267816276.00
100000000.00,267985456.00
858000.00,268000000.00
82000000.00,268268174.00
140000000.00,268314513.00
7000000.00,268500000.00
105000000.00,269065678.00
145000000.00,269806430.00
42000000.00,270340892.00
18000000.00,270944428.00
105000000.00,270997378.00
75000000.00,272223430.00
130000000.00,273271982.00
94000000.00,273330185.00
65000000.00,273346281.00
55000000.00,273814019.00
50000000.00,274000000.00
78000000.00,274392649.00
11000000.00,274392880.00
25000000.00,274543085.00
19000000.00,274949886.00
20000000.00,275726716.00
85000000.00,276014965.00
84000000.00,276294164.00
20000000.00,276665036.00
5000000.00,276841585.00
19000000.00,277200000.00
170000000.00,277442381.00
100000000.00,278731369.00
26000000.00,279500000.00
125000000.00,280355920.00
25000000.00,281527158.00
55000000.00,282300000.00
275000000.00,282778100.00
30000000.00,283200000.00
40000000.00,283218368.00
140000000.00,285400000.00
120000000.00,286192091.00
8200000.00,286214286.00
30000000.00,286500000.00
135000000.00,286896578.00
29000000.00,287130801.00
150000000.00,287594577.00
120000000.00,287916633.00
120000000.00,288215319.00
85000000.00,288587450.00
90000000.00,288693989.00
32500000.00,289527030.00
90000000.00,289660619.00
130000000.00,290650494.00
60000000.00,290701374.00
63000000.00,292738626.00
150000000.00,292817841.00
71500000.00,294156605.00
95000000.00,294680778.00
30000000.00,295212467.00
110000000.00,295279072.00
57500000.00,295874190.00
75000000.00,296339717.00
110000000.00,296642834.00
105000000.00,298815224.00
46000000.00,298923419.00
80000000.00,299461782.00
85000000.00,299477886.00
170000000.00,300150546.00
55000000.00,300200000.00
44000000.00,300400000.00
70000000.00,300854823.00
110000000.00,302211243.00
175000000.00,302469017.00
45000000.00,302710615.00
90000000.00,303500000.00
92000000.00,304249198.00
55000000.00,304599899.00
209000000.00,305218228.00
150000000.00,305270083.00
35000000.00,305705794.00
30000000.00,306771047.00
145000000.00,306900902.00
12000000.00,307166834.00
55000000.00,307325633.00
40000000.00,307353906.00
70000000.00,308700000.00
60000000.00,310043823.00
70000000.00,310138178.00
35000000.00,310332636.00
100000000.00,310650574.00
61000000.00,310697192.00
80000000.00,310940997.00
40000000.00,311270008.00
74000000.00,311594032.00
85000000.00,311744465.00
100000000.00,311979256.00
50000000.00,314111923.00
200000000.00,314594597.00
40000000.00,314709717.00
85000000.00,315268353.00
190000000.00,315709697.00
15000000.00,316300000.00
70000000.00,316915264.00
78000000.00,317668058.00
20000000.00,318000141.00
79000000.00,318146162.00
170000000.00,319090241.00
35000000.00,319700000.00
150000000.00,319713881.00
14000000.00,320100000.00
25000000.00,321365567.00
130000000.00,321887208.00
210000000.00,322241588.00
100000000.00,325500000.00
35000000.00,326073155.00
48000000.00,327656424.00
150000000.00,328015209.00
30000000.00,328125643.00
8800000.00,328203506.00
90000000.00,328675540.00
120000000.00,328711434.00
160000000.00,329809326.00
87500000.00,330717080.00
110000000.00,330780051.00
13000000.00,331266710.00
100000000.00,331323410.00
50000000.00,331333876.00
150000000.00,331775766.00
40000000.00,332000000.00
28000000.00,333080271.00
65000000.00,334100000.00
187500000.00,334342692.00
75000000.00,336069511.00
185000000.00,336398312.00
100000000.00,336529144.00
20000000.00,337700000.00
110000000.00,339504276.00
85000000.00,340384141.00
75000000.00,342416460.00
75000000.00,342769200.00
80000000.00,343397247.00
125000000.00,344780046.00
85000000.00,345114933.00
123000000.00,345141403.00
55000000.00,347100000.00
90000000.00,347425832.00
34000000.00,348319861.00
110000000.00,348547523.00
105000000.00,348629585.00
80000000.00,349088523.00
180000000.00,349143061.00
80000000.00,349464664.00
87000000.00,350100280.00
67500000.00,350976753.00
190000000.00,351040419.00
70000000.00,351500000.00
18000000.00,351620129.00
40000000.00,351774938.00
73000000.00,352829528.00
130000000.00,352831065.00
44000000.00,353715317.00
160000000.00,355408305.00
52000000.00,355612291.00
127500000.00,356148063.00
15000000.00,356258047.00
60000000.00,356429941.00
127000000.00,356546621.00
15000000.00,356800601.00
45000000.00,358500000.00
102000000.00,358824714.00
20000000.00,358994850.00
150000000.00,359142722.00
22000000.00,360099999.00
135000000.00,361730660.00
103000000.00,362000072.00
100000000.00,362211740.00
55000000.00,362605033.00
110000000.00,362989076.00
85000000.00,363064265.00
45000000.00,363095319.00
42000000.00,363728226.00
30000000.00,364545516.00
100000000.00,365300000.00
200000000.00,365491792.00
93000000.00,365900000.00
90000000.00,366101666.00
55000000.00,366784257.00
205000000.00,367262558.00
132000000.00,367650911.00
61000000.00,368567189.00
178000000.00,370541256.00
140000000.00,370569776.00
150000000.00,370742166.00
75000000.00,371917043.00
130000000.00,373993951.00
232000000.00,374085065.00
65000000.00,374105123.00
150000000.00,374825760.00
5000000.00,374890034.00
140000000.00,375740705.00
125000000.00,376000000.00
55000000.00,376856949.00
45000000.00,377807404.00
85000000.00,378505812.00
175000000.00,381687380.00
110000000.00,382288147.00
14000000.00,384519665.00
85000000.00,385000317.00
19000000.00,385524862.00
140000000.00,385680446.00
130000000.00,386069390.00
56000000.00,386096060.00
65000000.00,386116343.00
6000000.00,387513770.00
165000000.00,387644286.00
20000000.00,389925971.00
50000000.00,390500000.00
3900000.00,390525192.00
100000000.00,391976723.00
150000000.00,397501348.00
195000000.00,397644453.00
200000000.00,400062763.00
12000000.00,400214478.00
170000000.00,401021746.00
150000000.00,402231063.00
37000000.00,402280159.00
125000000.00,402448265.00
105000000.00,403841637.00
94000000.00,404561724.00
175000000.00,405760225.00
125000000.00,407711549.00
70702619.00,408269295.00
25000000.00,410900000.00
190000000.00,411002906.00
35000000.00,411348924.00
25000000.00,412800000.00
57500000.00,415247258.00
120000000.00,416197059.00
80000000.00,416385488.00
115000000.00,416456852.00
225000000.00,417341288.00
155000000.00,418186950.00
19000000.00,424200000.00
85000000.00,427230516.00
150000000.00,427300260.00
15000000.00,430821168.00
142000000.00,431942139.00
14000000.00,432645872.00
170000000.00,433058296.00
160000000.00,433125655.00
20000000.00,433574208.00
98000000.00,435040395.00
155000000.00,440160956.00
25000000.00,441286003.00
140000000.00,441767803.00
130000000.00,442161562.00
65000000.00,442169052.00
70000000.00,443483213.00
145000000.00,448191819.00
151500000.00,449239855.00
150000000.00,449326618.00
100000000.00,449948323.00
85000000.00,450728529.00
20000000.00,451329842.00
60000000.00,454161935.00
140000000.00,456810575.00
40000000.00,457507776.00
103000000.00,457683805.00
80000000.00,457697994.00
60000000.00,457729388.00
210000000.00,459359555.00
70000000.00,461651246.00
65000000.00,463517383.00
35000000.00,465764086.00
190000000.00,467381584.00
110000000.00,469590832.00
12000000.00,470700000.00
80000000.00,470751398.00
48000000.00,474171806.00
150000000.00,475825484.00
15000000.00,476684675.00
93000000.00,482860185.00
150000000.00,484161265.00
81000000.00,484468608.00
10800000.00,484873045.00
125000000.00,485004754.00
65000000.00,485035085.00
110000000.00,486124090.00
90000000.00,487519809.00
200000000.00,490359051.00
150000000.00,490875846.00
50000000.00,491812794.00
125000000.00,492557218.00
125000000.00,493214888.00
130000000.00,493738435.00
165000000.00,494870991.00
88000000.00,495700000.00
165000000.00,496511521.00
90000000.00,498438212.00
28000000.00,504050219.00
90000000.00,511358276.00
100000000.00,513815401.00
60000000.00,516567575.00
22000000.00,517600000.00
130000000.00,518602163.00
140000000.00,518614384.00
72500000.00,527071022.00
160000000.00,529076069.00
190000000.00,531514650.00
180000000.00,532590994.00
135000000.00,532950503.00
23000000.00,534171960.00
95000000.00,534551353.00
125000000.00,535663443.00
178000000.00,542742489.00
69000000.00,543495033.00
58000000.00,547326372.00
120000000.00,549588516.00
207000000.00,550517357.00
60720000.00,552198479.00
140000000.00,554600000.00
185000000.00,554606532.00
130000000.00,554987477.00
50000000.00,556016627.00
125000000.00,556319450.00
75000000.00,556559566.00
115000000.00,559757719.00
200000000.00,560155383.00
185000000.00,561137727.00
110000000.00,563749323.00
217000000.00,568923844.00
40000000.00,570998101.00
32500000.00,572705079.00
135000000.00,573068425.00
110000000.00,579446407.00
186000000.00,584604126.00
150000000.00,585532684.00
80000000.00,586464305.00
260000000.00,586581936.00
90000000.00,587790539.00
230000000.00,591692078.00
102000000.00,594420283.00
150000000.00,599516844.00
132000000.00,606836535.00
120000000.00,607987022.00
92000000.00,614726752.00
127000000.00,615577068.00
52000000.00,615748877.00
145000000.00,616102924.00
75000000.00,618638999.00
25000000.00,622341924.00
170000000.00,623561331.00
150000000.00,624234272.00
150000000.00,626549695.00
75000000.00,627886287.00
125000000.00,629969804.00
130000000.00,631910531.00
125000000.00,634954103.00
175000000.00,638087983.00
150000000.00,639537208.00
150000000.00,644602516.00
160000000.00,650523427.00
75000000.00,651899282.00
165000000.00,652127828.00
215000000.00,654213485.00
115000000.00,656695615.00
108000000.00,663851905.00
150000000.00,664837547.00
225000000.00,667999518.00
165000000.00,668913307.00
40000000.00,672806292.00
165000000.00,677541920.00
80000000.00,677923379.00
55000000.00,679850637.00
50000000.00,687557727.00
127500000.00,689420051.00
145000000.00,694713230.00
110000000.00,695941797.00
150000000.00,700868363.00
68000000.00,706102828.00
151000000.00,708272592.00
200000000.00,708996336.00
170000000.00,710644566.00
170000000.00,714401889.00
180000000.00,720539572.00
175000000.00,731542621.00
150000000.00,738576929.00
200000000.00,743588329.00
175000000.00,746100054.00
145000000.00,746921271.00
200000000.00,747862775.00
165000000.00,756244673.00
220000000.00,757890267.00
180000000.00,758536735.00
125000000.00,766652288.00
125000000.00,767820459.00
170000000.00,771100771.00
230000000.00,776037086.00
200000000.00,783705001.00
150000000.00,785964691.00
185000000.00,786558145.00
11000000.00,786598007.00
200000000.00,788408539.00
160000000.00,789300444.00
10500000.00,792965326.00
130000000.00,796688549.00
58000000.00,801029249.00
180000000.00,803798342.00
160000000.00,807330936.00
75000000.00,817400878.00
139000000.00,821706375.00
75000000.00,823755831.00
136200000.00,829724737.00
160000000.00,832584416.00
210000000.00,836519699.00
115000000.00,848998877.00
175000000.00,853707581.00
200000000.00,858470006.00
90000000.00,859701857.00
130000000.00,864868047.00
250000000.00,868160194.00
75000000.00,875958307.00
100000000.00,878979634.00
300000000.00,879620923.00
95000000.00,879765137.00
109000000.00,887210985.00
258000000.00,890875303.00
150000000.00,896911078.00
94000000.00,934699645.00
250000000.00,935083686.00
94000000.00,936429370.00
70000000.00,937008132.00
150000000.00,942943935.00
250000000.00,955119788.00
125000000.00,960283305.00
250000000.00,960366855.00
300000000.00,963420425.00
175000000.00,963901123.00
125000000.00,974755371.00
76000000.00,975216835.00
79300000.00,987480140.00
185000000.00,1002572859.00
250000000.00,1017003568.00
150000000.00,1019922983.00
200000000.00,1022617376.00
200000000.00,1025491110.00
115000000.00,1027044677.00
63000000.00,1038812584.00
250000000.00,1045663875.00
200000000.00,1050988488.00
225000000.00,1066215812.00
200000000.00,1069818229.00
275000000.00,1084439099.00
210000000.00,1104039076.00
200000000.00,1110526981.00
195000000.00,1123790543.00
94000000.00,1141403341.00
250000000.00,1151684349.00
74000000.00,1167245366.00
200000000.00,1215392272.00
250000000.00,1237444462.00
160000000.00,1260122363.00
150000000.00,1274234980.00
125000000.00,1341511219.00
250000000.00,1404705868.00
190000000.00,1516748684.00
225000000.00,1519479547.00
215000000.00,1671640593.00
306000000.00,2058662225.00
200000000.00,2207615668.00
425000000.00,2783918982.00
